0 0.63515625 0.1 0.04375 0.1203125
0 0.63671875 0.05 0.04375 0.1
0 0.696875 0.56953125 0.0515625 0.2296875
0 0.725 0.69296875 0.0578125 0.2515625
0 0.2890625 0.8515625 0.0546875 0.23125
0 0.41796875 0.37734375 0.0578125 0.20625
0 0.3828125 0.35 0.04375 0.2109375
0 0.3875 0.19453125 0.053125 0.16875
0 0.3328125 0.26796875 0.0375 0.1078125
0 0.53203125 0.165625 0.0546875 0.196875
0 0.62265625 0.90703125 0.0734375 0.1859375
0 0.5375 0.35859375 0.059375 0.209375
0 0.525 0.86875 0.075 0.2625
0 0.37109375 0.70234375 0.053125 0.246875
0 0.0171875 0.59765625 0.034375 0.2421875
0 0.16484375 0.34453125 0.0484375 0.2015625
0 0.2328125 0.18828125 0.0421875 0.1765625
0 0.18828125 0.23125 0.0390625 0.184375
0 0.2 0.184375 0.0296875 0.1640625
0 0.12421875 0.2328125 0.0375 0.18125
0 0.0953125 0.2015625 0.0328125 0.184375
0 0.125 0.1421875 0.0359375 0.14375
0 0.17109375 0.15703125 0.0359375 0.1640625
0 0.21640625 0.0703125 0.040625 0.109375
0 0.1859375 0.04375 0.0359375 0.0875
0 0.1515625 0.0515625 0.0453125 0.103125
0 0.459375 0.93203125 0.071875 0.1359375
0 0.55390625 0.9734375 0.0671875 0.053125
0 0.73828125 0.046875 0.0296875 0.09375
0 0.74296875 0.13203125 0.0375 0.1546875
0 0.9390625 0.57578125 0.05625 0.2421875
0 0.96484375 0.5484375 0.0484375 0.2515625
0 0.86640625 0.38203125 0.04375 0.20625
0 0.89921875 0.37578125 0.040625 0.19375
0 0.89765625 0.29140625 0.03125 0.109375
0 0.928125 0.31640625 0.034375 0.19375
0 0.9609375 0.3421875 0.0328125 0.196875
0 0.9875 0.3234375 0.025 0.1796875
0 0.86640625 0.23515625 0.046875 0.165625
0 0.86015625 0.1421875 0.0375 0.1546875
0 0.465625 0.215625 0.0453125 0.1625
0 0.43046875 0.20703125 0.040625 0.1796875