0 0.13125 0.315625 0.040625 0.1921875
0 0.0984375 0.30625 0.0390625 0.1578125
0 0.09296875 0.2640625 0.034375 0.146875
0 0.01640625 0.2703125 0.0328125 0.171875
0 0.05 0.25703125 0.0390625 0.1515625
0 0.0625 0.2453125 0.028125 0.146875
0 0.090625 0.0921875 0.03125 0.15
0 0.1234375 0.09453125 0.0375 0.1734375
0 0.14140625 0.08203125 0.0359375 0.1640625
0 0.18125 0.08515625 0.0375 0.134375
0 0.221875 0.07421875 0.0390625 0.1421875
0 0.2640625 0.06875 0.0375 0.1375
0 0.3265625 0.1046875 0.04375 0.115625
0 0.32421875 0.0515625 0.0421875 0.103125
0 0.26640625 0.55859375 0.05 0.221875
0 0.2390625 0.67734375 0.05625 0.24375
0 0.2015625 0.97109375 0.05625 0.0578125
0 0.28125 0.96015625 0.059375 0.0796875
0 0.3390625 0.97734375 0.0546875 0.0453125
0 0.3484375 0.88125 0.065625 0.2375
0 0.6609375 0.83125 0.0515625 0.2234375
0 0.53671875 0.37265625 0.05625 0.2
0 0.5703125 0.34609375 0.0421875 0.2046875
0 0.565625 0.1953125 0.0515625 0.1640625
0 0.54375 0.159375 0.0359375 0.1734375
0 0.5109375 0.17734375 0.0390625 0.15625
0 0.61875 0.26640625 0.0359375 0.103125
0 0.7015625 0.2296875 0.04375 0.1625
0 0.76640625 0.28359375 0.0390625 0.1765625
0 0.75546875 0.234375 0.0390625 0.1734375
0 0.80625 0.3015625 0.04375 0.1828125
0 0.85 0.2703125 0.0375 0.1921875
0 0.71953125 0.128125 0.040625 0.1640625
0 0.7609375 0.12734375 0.0359375 0.1421875
0 0.7921875 0.13203125 0.0359375 0.165625
0 0.825 0.15625 0.0359375 0.15625
0 0.8578125 0.17265625 0.0421875 0.146875
0 0.76953125 0.08046875 0.0359375 0.1453125
0 0.5671875 0.7078125 0.0515625 0.240625
0 0.45234375 0.9328125 0.0625 0.134375
0 0.42734375 0.88359375 0.0703125 0.2328125
0 0.94140625 0.65 0.0609375 0.240625
0 0.43671875 0.36875 0.0546875 0.2078125
0 0.42578125 0.16796875 0.053125 0.190625
0 0.07734375 0.478125 0.0515625 0.21875
0 0.046875 0.446875 0.04375 0.2046875