0 0.8859375 0.66015625 0.228125 0.6796875
0 0.071875 0.6984375 0.14375 0.6015625
0 0.4921875 0.22421875 0.1078125 0.175
0 0.24453125 0.48515625 0.165625 0.4921875
0 0.14609375 0.678125 0.1796875 0.64375
0 0.65234375 0.3140625 0.128125 0.3453125
0 0.3578125 0.396875 0.0953125 0.215625
0 0.65078125 0.46953125 0.121875 0.2953125
0 0.76484375 0.63828125 0.1453125 0.4
0 0.784375 0.4546875 0.159375 0.4125
0 0.29375 0.440625 0.084375 0.2515625
0 0.36328125 0.134375 0.075 0.15625
0 0.34375 0.2953125 0.084375 0.2390625
0 0.6109375 0.11640625 0.0640625 0.165625
0 0.5890625 0.29765625 0.0703125 0.25
0 0.41015625 0.24140625 0.0515625 0.06875