0 0.30234375 0.05859375 0.046875 0.1171875
0 0.3 0.028125 0.0453125 0.05625
0 0.23828125 0.5375 0.053125 0.234375
0 0.209375 0.6640625 0.059375 0.2578125
0 0.65546875 0.8265625 0.0546875 0.2375
0 0.52421875 0.340625 0.059375 0.2109375
0 0.56015625 0.3125 0.04375 0.2171875
0 0.5546875 0.153125 0.0546875 0.1734375
0 0.61171875 0.228125 0.0390625 0.109375
0 0.571875 0.67421875 0.0546875 0.253125
0 0.7828125 0.30703125 0.05 0.20625
0 0.7140625 0.146875 0.04375 0.18125
0 0.759375 0.19140625 0.040625 0.1890625
0 0.74765625 0.14296875 0.0296875 0.16875
0 0.82421875 0.19296875 0.0390625 0.1859375
0 0.8546875 0.1609375 0.0328125 0.1890625
0 0.8234375 0.1 0.0375 0.1484375
0 0.7765625 0.11484375 0.0375 0.16875
0 0.73046875 0.040625 0.0421875 0.08125
0 0.7609375 0.021875 0.0375 0.04375
0 0.796875 0.0296875 0.046875 0.059375
0 0.19453125 0.02578125 0.03125 0.0515625
0 0.190625 0.08984375 0.0390625 0.1578125
0 0.009375 0.54375 0.01875 0.246875
0 0.06484375 0.3453125 0.04375 0.2109375
0 0.03046875 0.3390625 0.0421875 0.1984375
0 0.0328125 0.25234375 0.03125 0.1109375
0 0.009375 0.27734375 0.01875 0.1984375
0 0.06484375 0.1953125 0.046875 0.1703125
0 0.07109375 0.1 0.0390625 0.1578125
0 0.475 0.175 0.046875 0.165625
0 0.5109375 0.165625 0.0421875 0.184375
0 0.2890625 0.92734375 0.08125 0.1453125
0 0.41171875 0.825 0.06875 0.275
0 0.378125 0.3 0.05 0.2109375
0 0.40703125 0.19375 0.05 0.21875
0 0.6921875 0.0296875 0.03125 0.059375
0 0.109375 0.06328125 0.034375 0.1265625
0 0.9484375 0.53515625 0.0484375 0.2453125
0 0.39609375 0.93515625 0.075 0.1296875
0 0.5140625 0.88828125 0.0734375 0.2234375