0 0.30703125 0.04453125 0.0390625 0.0890625
0 0.37265625 0.05703125 0.0453125 0.1140625
0 0.3703125 0.0265625 0.04375 0.053125
0 0.309375 0.52890625 0.053125 0.23125
0 0.28125 0.65390625 0.0578125 0.2546875
0 0.721875 0.81484375 0.0546875 0.234375
0 0.59140625 0.334375 0.0578125 0.209375
0 0.62734375 0.30625 0.04375 0.2140625
0 0.621875 0.14921875 0.0546875 0.1703125
0 0.59921875 0.11171875 0.0359375 0.18125
0 0.56484375 0.13046875 0.040625 0.1640625
0 0.678125 0.2234375 0.0390625 0.1078125
0 0.83203125 0.24140625 0.040625 0.184375
0 0.8203125 0.18984375 0.040625 0.18125
0 0.8734375 0.26015625 0.0453125 0.1921875
0 0.78359375 0.08203125 0.0421875 0.1640625
0 0.82578125 0.07734375 0.0390625 0.1484375
0 0.859375 0.084375 0.0375 0.16875
0 0.89296875 0.1078125 0.0375 0.1640625
0 0.928125 0.12578125 0.04375 0.153125
0 0.8359375 0.0515625 0.0375 0.103125
0 0.47578125 0.1203125 0.05625 0.1984375
0 0.015625 0.25703125 0.03125 0.1859375
0 0.03828125 0.2484375 0.0296875 0.1796875
0 0.06484375 0.25 0.034375 0.18125
0 0.090625 0.2453125 0.0421875 0.196875
0 0.121875 0.3078125 0.034375 0.1859375
0 0.1515625 0.30625 0.0484375 0.2046875
0 0.121875 0.21953125 0.028125 0.1109375
0 0.11953125 0.0796875 0.03125 0.159375
0 0.1484375 0.08203125 0.0421875 0.1640625
0 0.1625 0.15703125 0.04375 0.1765625
0 0.1671875 0.06171875 0.0375 0.1234375
0 0.2046875 0.0640625 0.034375 0.128125
0 0.265625 0.065625 0.04375 0.13125
0 0.77265625 0.1609375 0.0359375 0.1734375
0 0.9046875 0.19609375 0.0515625 0.1734375
0 0.38359375 0.88828125 0.0734375 0.2234375
0 0.4703125 0.315625 0.0609375 0.2109375
0 0.5328125 0.91875 0.059375 0.1625
0 0.48203125 0.83984375 0.0765625 0.2796875
0 0.4328125 0.95546875 0.0625 0.0890625
0 0.078125 0.50625 0.0453125 0.2515625
0 0.05234375 0.48046875 0.04375 0.234375
0 0.6390625 0.6640625 0.0546875 0.25