0 0.103125 0.6484375 0.20625 0.703125
0 0.90234375 0.68515625 0.1953125 0.6296875
0 0.4734375 0.20546875 0.103125 0.1671875
0 0.70859375 0.4546875 0.1578125 0.46875
0 0.8015625 0.6421875 0.1703125 0.615625
0 0.32109375 0.29140625 0.121875 0.3296875
0 0.6015625 0.3703125 0.090625 0.20625
0 0.32265625 0.43984375 0.115625 0.2828125
0 0.2140625 0.6 0.1390625 0.38125
0 0.1953125 0.425 0.1515625 0.3921875
0 0.66171875 0.41171875 0.08125 0.240625
0 0.59609375 0.12109375 0.071875 0.1484375
0 0.6140625 0.2734375 0.08125 0.228125
0 0.36015625 0.103125 0.0609375 0.1578125
0 0.38125 0.27578125 0.0671875 0.2375
0 0.5515625 0.22265625 0.0484375 0.065625