0 0.3234375 0.0796875 0.04375 0.1171875
0 0.321875 0.03984375 0.0421875 0.0796875
0 0.26328125 0.53671875 0.05 0.2234375
0 0.2359375 0.65625 0.05625 0.2453125
0 0.66015625 0.8109375 0.053125 0.225
0 0.53515625 0.34921875 0.05625 0.2015625
0 0.56875 0.32265625 0.0421875 0.20625
0 0.5640625 0.171875 0.0515625 0.1640625
0 0.61796875 0.24296875 0.0359375 0.103125
0 0.4234375 0.14375 0.053125 0.190625
0 0.33515625 0.8875 0.0703125 0.225
0 0.41796875 0.33125 0.059375 0.203125
0 0.4296875 0.83515625 0.0734375 0.26875
0 0.58046875 0.66640625 0.0515625 0.2390625
0 0.93828125 0.56484375 0.0609375 0.234375
0 0.78046875 0.31796875 0.046875 0.196875
0 0.71484375 0.165625 0.040625 0.171875
0 0.75859375 0.2078125 0.0390625 0.178125
0 0.746875 0.16171875 0.028125 0.159375
0 0.8203125 0.209375 0.0375 0.1765625
0 0.8484375 0.17890625 0.03125 0.178125
0 0.81953125 0.12109375 0.0359375 0.140625
0 0.775 0.13515625 0.0359375 0.159375
0 0.73046875 0.0515625 0.040625 0.103125
0 0.7609375 0.03359375 0.034375 0.0671875
0 0.79375 0.04140625 0.04375 0.0828125
0 0.49453125 0.91171875 0.06875 0.1765625
0 0.403125 0.9515625 0.065625 0.096875
0 0.221875 0.0375 0.0296875 0.075
0 0.21796875 0.1109375 0.0375 0.15
0 0.02734375 0.54296875 0.0546875 0.234375
0 0.01328125 0.515625 0.0265625 0.2453125
0 0.0984375 0.35390625 0.0421875 0.2015625
0 0.06640625 0.3484375 0.0390625 0.1890625
0 0.06796875 0.265625 0.0296875 0.10625
0 0.03828125 0.28984375 0.0328125 0.1890625
0 0.01171875 0.31484375 0.0234375 0.1921875
0 0.0984375 0.21171875 0.0453125 0.1625
0 0.10390625 0.12109375 0.0359375 0.15
0 0.48828125 0.1921875 0.04375 0.1578125
0 0.52265625 0.18359375 0.0390625 0.175