0 0.9734375 0.4140625 0.04375 0.2203125
0 0.92890625 0.43046875 0.053125 0.2078125
0 0.90234375 0.29140625 0.0421875 0.2
0 0.93671875 0.28125 0.040625 0.165625
0 0.9421875 0.2375 0.0359375 0.153125
0 0.98359375 0.2296875 0.0328125 0.1578125
0 0.97421875 0.21796875 0.028125 0.153125
0 0.9453125 0.06796875 0.0328125 0.1359375
0 0.9109375 0.07578125 0.0390625 0.1515625
0 0.8921875 0.0671875 0.0375 0.134375
0 0.85078125 0.06015625 0.0390625 0.1203125
0 0.809375 0.05703125 0.040625 0.1140625
0 0.76484375 0.053125 0.0390625 0.10625
0 0.7 0.071875 0.0453125 0.1203125
0 0.7015625 0.03515625 0.04375 0.0703125
0 0.7625 0.54375 0.0515625 0.2296875
0 0.790625 0.66796875 0.0578125 0.253125
0 0.83046875 0.971875 0.059375 0.05625
0 0.746875 0.96015625 0.0625 0.0796875
0 0.68671875 0.978125 0.0578125 0.04375
0 0.67734375 0.878125 0.06875 0.24375
0 0.58828125 0.9453125 0.059375 0.109375
0 0.596875 0.89921875 0.071875 0.175
0 0.43828125 0.7140625 0.065625 0.2390625
0 0.35234375 0.828125 0.0546875 0.2328125
0 0.05078125 0.671875 0.05 0.25
0 0.571875 0.371875 0.0515625 0.2046875
0 0.48203125 0.35 0.0578125 0.2078125
0 0.446875 0.32265625 0.04375 0.2125
0 0.4515625 0.16640625 0.053125 0.1703125
0 0.47421875 0.12890625 0.0375 0.1796875
0 0.50859375 0.14765625 0.040625 0.1625
0 0.58359375 0.11015625 0.0453125 0.203125
0 0.39609375 0.240625 0.0390625 0.1078125
0 0.31015625 0.2015625 0.0453125 0.1703125
0 0.24296875 0.2578125 0.040625 0.1828125
0 0.2546875 0.20625 0.040625 0.1796875
0 0.2015625 0.2765625 0.0453125 0.190625
0 0.15625 0.24375 0.0390625 0.2
0 0.29140625 0.096875 0.0421875 0.1703125
0 0.2484375 0.0953125 0.0390625 0.1484375
0 0.215625 0.1 0.0375 0.1734375
0 0.18203125 0.125 0.0375 0.1625
0 0.14765625 0.14296875 0.04375 0.153125
0 0.2390625 0.06015625 0.0375 0.1203125
0 0.43671875 0.978125 0.053125 0.04375