0 0.6796875 0.1015625 0.046875 0.121875
0 0.68203125 0.05078125 0.04375 0.1015625
0 0.74375 0.5828125 0.053125 0.234375
0 0.771875 0.70859375 0.059375 0.2578125
0 0.32578125 0.87109375 0.0546875 0.2375
0 0.4578125 0.38515625 0.059375 0.2109375
0 0.421875 0.35703125 0.0453125 0.2171875
0 0.4265625 0.1984375 0.0546875 0.1734375
0 0.3703125 0.2734375 0.0390625 0.109375
0 0.409375 0.71875 0.0546875 0.253125
0 0.1984375 0.35234375 0.05 0.20625
0 0.26796875 0.19140625 0.04375 0.18125
0 0.221875 0.2359375 0.040625 0.1890625
0 0.234375 0.1875 0.0296875 0.16875
0 0.15703125 0.2375 0.0375 0.1859375
0 0.12734375 0.20546875 0.0328125 0.1890625
0 0.1578125 0.14453125 0.0375 0.1484375
0 0.20546875 0.16015625 0.0375 0.16875
0 0.2515625 0.07109375 0.040625 0.1125
0 0.2203125 0.04453125 0.0375 0.0890625
0 0.184375 0.0515625 0.046875 0.103125
0 0.7859375 0.04765625 0.03125 0.0953125
0 0.790625 0.134375 0.0390625 0.1578125
0 0.98125 0.58828125 0.0375 0.246875
0 0.91640625 0.390625 0.0453125 0.2109375
0 0.95078125 0.38359375 0.0421875 0.1984375
0 0.9484375 0.29765625 0.03125 0.1125
0 0.98046875 0.32265625 0.034375 0.1984375
0 0.91640625 0.23984375 0.046875 0.1703125
0 0.9109375 0.14453125 0.0390625 0.1578125
0 0.50703125 0.21953125 0.046875 0.165625
0 0.4703125 0.2109375 0.0421875 0.184375
0 0.4859375 0.92578125 0.0671875 0.1484375
0 0.58984375 0.97265625 0.08125 0.0546875
0 0.69296875 0.95 0.08125 0.1
0 0.56875 0.865625 0.06875 0.26875
0 0.603125 0.34453125 0.05 0.2109375
0 0.575 0.2390625 0.05 0.21875
0 0.2890625 0.0515625 0.03125 0.103125
0 0.87265625 0.10546875 0.034375 0.1359375
0 0.03359375 0.5796875 0.0484375 0.2453125