0 0.13125 0.26015625 0.0421875 0.1984375
0 0.096875 0.25 0.040625 0.1640625
0 0.09140625 0.20625 0.0359375 0.1515625
0 0.0140625 0.2140625 0.028125 0.1765625
0 0.046875 0.19921875 0.040625 0.15625
0 0.06015625 0.18671875 0.028125 0.1515625
0 0.0890625 0.05234375 0.03125 0.1046875
0 0.12265625 0.06015625 0.0390625 0.1203125
0 0.14140625 0.0515625 0.0359375 0.103125
0 0.1828125 0.0453125 0.0390625 0.090625
0 0.225 0.04140625 0.040625 0.0828125
0 0.26796875 0.0375 0.0390625 0.075
0 0.3328125 0.05 0.04375 0.1
0 0.33046875 0.0203125 0.04375 0.040625
0 0.2703125 0.5109375 0.0515625 0.2296875
0 0.2421875 0.63359375 0.0578125 0.25
0 0.20234375 0.95390625 0.059375 0.0921875
0 0.2859375 0.94296875 0.0625 0.1140625
0 0.3453125 0.96015625 0.0578125 0.0796875
0 0.35546875 0.84609375 0.06875 0.2484375
0 0.678125 0.79296875 0.0546875 0.23125
0 0.54921875 0.31796875 0.0578125 0.20625
0 0.584375 0.290625 0.04375 0.2109375
0 0.5796875 0.1359375 0.053125 0.16875
0 0.55703125 0.0984375 0.0359375 0.178125
0 0.52265625 0.1171875 0.040625 0.1625
0 0.634375 0.209375 0.0375 0.10625
0 0.7203125 0.1703125 0.04375 0.16875
0 0.78671875 0.2265625 0.040625 0.18125
0 0.77578125 0.17578125 0.040625 0.1796875
0 0.828125 0.2453125 0.0453125 0.1890625
0 0.8734375 0.2125 0.0375 0.1984375
0 0.7390625 0.075 0.0421875 0.15
0 0.78125 0.06875 0.0375 0.1375
0 0.8140625 0.07734375 0.0359375 0.1546875
0 0.84765625 0.09453125 0.0359375 0.1625
0 0.88203125 0.11171875 0.04375 0.1515625
0 0.78984375 0.0453125 0.0359375 0.090625
0 0.58125 0.66484375 0.0546875 0.2484375
0 0.46328125 0.9140625 0.0640625 0.171875
0 0.43671875 0.8578125 0.0734375 0.2609375
0 0.96796875 0.60546875 0.0625 0.2484375
0 0.446875 0.31484375 0.05625 0.2140625
0 0.43515625 0.10703125 0.0546875 0.196875
0 0.075 0.42734375 0.053125 0.2265625
0 0.04296875 0.3953125 0.0453125 0.2109375