0 0.340625 0.08984375 0.04375 0.1140625
0 0.33828125 0.04453125 0.040625 0.0890625
0 0.28125 0.5390625 0.05 0.21875
0 0.25390625 0.65625 0.0546875 0.240625
0 0.67109375 0.80859375 0.0515625 0.221875
0 0.5484375 0.3546875 0.0546875 0.196875
0 0.58203125 0.32890625 0.0421875 0.203125
0 0.57734375 0.18046875 0.0515625 0.1625
0 0.6296875 0.25 0.0359375 0.103125
0 0.59296875 0.66640625 0.0515625 0.2359375
0 0.790625 0.32421875 0.046875 0.1921875
0 0.72578125 0.17421875 0.0390625 0.16875
0 0.76796875 0.215625 0.0375 0.1765625
0 0.75703125 0.1703125 0.028125 0.1578125
0 0.82890625 0.2171875 0.0359375 0.1734375
0 0.85703125 0.1875 0.03125 0.1765625
0 0.828125 0.13046875 0.034375 0.1375
0 0.784375 0.14453125 0.034375 0.1578125
0 0.740625 0.0609375 0.0390625 0.1046875
0 0.76953125 0.0390625 0.034375 0.078125
0 0.803125 0.04609375 0.04375 0.0921875
0 0.240625 0.0421875 0.0296875 0.084375
0 0.23671875 0.12109375 0.0359375 0.1484375
0 0.04921875 0.54453125 0.053125 0.23125
0 0.025 0.51875 0.0453125 0.2390625
0 0.11875 0.359375 0.040625 0.196875
0 0.08671875 0.35390625 0.0390625 0.1859375
0 0.0890625 0.27265625 0.0296875 0.1046875
0 0.059375 0.296875 0.03125 0.1859375
0 0.028125 0.321875 0.03125 0.1875
0 0.00703125 0.303125 0.0140625 0.171875
0 0.11875 0.21953125 0.04375 0.159375
0 0.12421875 0.13046875 0.0359375 0.1484375
0 0.50234375 0.2 0.04375 0.1546875
0 0.5359375 0.1921875 0.0390625 0.1703125
0 0.521875 0.8953125 0.0625 0.209375
0 0.42421875 0.9390625 0.075 0.121875
0 0.328125 0.91796875 0.075 0.1640625
0 0.44296875 0.8078125 0.0640625 0.2578125
0 0.41171875 0.31640625 0.046875 0.196875
0 0.43828125 0.21796875 0.046875 0.2046875
0 0.70546875 0.04609375 0.0296875 0.0921875
0 0.16015625 0.09375 0.0328125 0.1265625
0 0.94453125 0.53671875 0.0453125 0.228125