0 0.8890625 0.32265625 0.04375 0.2046875
0 0.9234375 0.3125 0.0421875 0.16875
0 0.9296875 0.2671875 0.0359375 0.15625
0 0.975 0.26015625 0.0421875 0.1609375
0 0.96171875 0.246875 0.0296875 0.1546875
0 0.93203125 0.08515625 0.0328125 0.1578125
0 0.896875 0.08984375 0.040625 0.1796875
0 0.878125 0.08125 0.0375 0.1625
0 0.8359375 0.078125 0.040625 0.1421875
0 0.79375 0.07109375 0.0421875 0.1421875
0 0.74765625 0.06640625 0.0390625 0.1328125
0 0.6828125 0.0984375 0.046875 0.121875
0 0.68515625 0.04921875 0.04375 0.0984375
0 0.74609375 0.5796875 0.053125 0.234375
0 0.775 0.70546875 0.059375 0.2578125
0 0.72890625 0.98125 0.0640625 0.0375
0 0.659375 0.89765625 0.0703125 0.2046875
0 0.32890625 0.86875 0.0546875 0.2375
0 0.46015625 0.38203125 0.059375 0.2109375
0 0.425 0.35390625 0.0453125 0.2171875
0 0.4296875 0.1953125 0.0546875 0.1734375
0 0.45234375 0.15703125 0.0375 0.184375
0 0.4875 0.17578125 0.0421875 0.165625
0 0.3734375 0.2703125 0.0390625 0.109375
0 0.28515625 0.23046875 0.046875 0.1734375
0 0.2171875 0.28828125 0.040625 0.1859375
0 0.22890625 0.2359375 0.0421875 0.184375
0 0.175 0.30703125 0.0453125 0.19375
0 0.12890625 0.27421875 0.0390625 0.2046875
0 0.26640625 0.1234375 0.04375 0.1734375
0 0.22265625 0.12265625 0.0390625 0.15
0 0.1890625 0.12734375 0.0375 0.1765625
0 0.1546875 0.153125 0.0375 0.165625
0 0.1203125 0.17109375 0.0453125 0.15625
0 0.2140625 0.07421875 0.0375 0.1484375
0 0.42734375 0.7375 0.0546875 0.2546875
0 0.54921875 0.95234375 0.065625 0.0953125
0 0.57578125 0.9 0.075 0.2
0 0.03203125 0.67578125 0.0625 0.2546875
0 0.565625 0.378125 0.0578125 0.21875
0 0.57734375 0.165625 0.0546875 0.2015625
0 0.94609375 0.49453125 0.0546875 0.23125
0 0.978125 0.4609375 0.04375 0.2171875