0 0.9859375 0.5984375 0.028125 0.203125
0 0.85 0.31328125 0.040625 0.1890625
0 0.88203125 0.30390625 0.0390625 0.15625
0 0.8875 0.2625 0.034375 0.14375
0 0.97109375 0.26953125 0.046875 0.16875
0 0.93046875 0.25546875 0.0390625 0.1484375
0 0.9171875 0.24375 0.0265625 0.14375
0 0.890625 0.09375 0.03125 0.146875
0 0.8578125 0.09609375 0.0375 0.1703125
0 0.8390625 0.08203125 0.034375 0.1640625
0 0.80078125 0.08671875 0.0375 0.13125
0 0.7609375 0.07578125 0.0390625 0.1390625
0 0.71953125 0.0703125 0.0375 0.1375
0 0.65859375 0.10546875 0.0421875 0.1140625
0 0.66015625 0.05234375 0.0421875 0.1046875
0 0.7171875 0.55234375 0.05 0.2171875
0 0.74375 0.66875 0.0546875 0.2390625
0 0.78203125 0.96484375 0.05625 0.0703125
0 0.70234375 0.95390625 0.059375 0.0921875
0 0.6453125 0.9703125 0.0546875 0.059375
0 0.6359375 0.87109375 0.065625 0.2359375
0 0.32890625 0.8203125 0.0515625 0.2203125
0 0.4515625 0.36875 0.0546875 0.1953125
0 0.41796875 0.34296875 0.0421875 0.2015625
0 0.42265625 0.1953125 0.0515625 0.1609375
0 0.44453125 0.159375 0.034375 0.1703125
0 0.4765625 0.17734375 0.0390625 0.1546875
0 0.3703125 0.26484375 0.0359375 0.1015625
0 0.28828125 0.228125 0.0421875 0.1609375
0 0.22578125 0.28125 0.0390625 0.1734375
0 0.2359375 0.2328125 0.0390625 0.1703125
0 0.1859375 0.29921875 0.0421875 0.1796875
0 0.14296875 0.26875 0.0359375 0.1890625
0 0.27109375 0.12890625 0.0390625 0.1609375
0 0.23046875 0.128125 0.0359375 0.1390625
0 0.19921875 0.1328125 0.034375 0.1640625
0 0.1671875 0.15625 0.034375 0.1546875
0 0.13515625 0.17265625 0.0421875 0.14375
0 0.221875 0.08203125 0.034375 0.1421875
0 0.42109375 0.6984375 0.0515625 0.2359375
0 0.534375 0.92734375 0.0609375 0.1453125
0 0.5578125 0.878125 0.06875 0.24375
0 0.05234375 0.64140625 0.0609375 0.2359375
0 0.54921875 0.365625 0.053125 0.203125
0 0.56015625 0.16796875 0.0515625 0.1875
0 0.98984375 0.29609375 0.0203125 0.175
0 0.903125 0.47265625 0.0515625 0.215625
0 0.93359375 0.4421875 0.0421875 0.2015625
0 0.98671875 0.5234375 0.0265625 0.23125