0 0.715625 0.04609375 0.0390625 0.0921875
0 0.65 0.05859375 0.0453125 0.1171875
0 0.65234375 0.028125 0.04375 0.05625
0 0.71328125 0.53203125 0.0515625 0.23125
0 0.74140625 0.65703125 0.0578125 0.2546875
0 0.30078125 0.81796875 0.05625 0.234375
0 0.43125 0.3375 0.0578125 0.209375
0 0.3953125 0.309375 0.04375 0.2140625
0 0.40078125 0.15234375 0.0546875 0.171875
0 0.4234375 0.11484375 0.0375 0.18125
0 0.4578125 0.13359375 0.040625 0.1625
0 0.34453125 0.2265625 0.0390625 0.1078125
0 0.190625 0.24453125 0.040625 0.184375
0 0.20234375 0.19296875 0.040625 0.18125
0 0.14921875 0.26328125 0.0453125 0.190625
0 0.2390625 0.08359375 0.0421875 0.1671875
0 0.19609375 0.08046875 0.0375 0.1484375
0 0.16328125 0.0859375 0.0375 0.171875
0 0.1296875 0.1109375 0.0375 0.1640625
0 0.09453125 0.12890625 0.04375 0.153125
0 0.1875 0.053125 0.0375 0.10625
0 0.546875 0.1234375 0.05625 0.1984375
0 0.99609375 0.26015625 0.0078125 0.1859375
0 0.984375 0.2515625 0.0296875 0.1796875
0 0.9578125 0.253125 0.0359375 0.18125
0 0.93125 0.24765625 0.0421875 0.196875
0 0.90078125 0.3109375 0.034375 0.1859375
0 0.87109375 0.309375 0.0484375 0.2046875
0 0.90078125 0.22265625 0.028125 0.1109375
0 0.903125 0.08125 0.03125 0.1625
0 0.87421875 0.08359375 0.0421875 0.1671875
0 0.86015625 0.16015625 0.04375 0.1765625
0 0.85546875 0.06328125 0.0375 0.1265625
0 0.81796875 0.065625 0.0328125 0.13125
0 0.75625 0.0671875 0.04375 0.134375
0 0.25 0.1640625 0.0359375 0.1734375
0 0.11796875 0.19921875 0.0515625 0.1734375
0 0.63828125 0.88984375 0.0734375 0.2203125
0 0.015625 0.56953125 0.03125 0.221875
0 0.55234375 0.31875 0.0609375 0.2109375
0 0.48984375 0.9203125 0.059375 0.159375
0 0.540625 0.84296875 0.0765625 0.278125
0 0.58984375 0.95703125 0.0625 0.0859375
0 0.94453125 0.509375 0.0453125 0.2515625
0 0.9703125 0.4828125 0.04375 0.234375
0 0.38359375 0.66640625 0.0546875 0.25