0 0.359375 0.08515625 0.04375 0.115625
0 0.35703125 0.0421875 0.0421875 0.084375
0 0.29921875 0.5390625 0.05 0.221875
0 0.271875 0.65859375 0.05625 0.24375
0 0.69375 0.8125 0.0515625 0.2234375
0 0.56953125 0.353125 0.0546875 0.2
0 0.603125 0.3265625 0.0421875 0.2046875
0 0.5984375 0.1765625 0.0515625 0.1625
0 0.6515625 0.24765625 0.0359375 0.103125
0 0.61484375 0.66796875 0.0515625 0.2390625
0 0.8140625 0.321875 0.0484375 0.19375
0 0.7484375 0.1703125 0.040625 0.1703125
0 0.79140625 0.2125 0.0375 0.178125
0 0.78046875 0.1671875 0.028125 0.159375
0 0.853125 0.2140625 0.0375 0.1765625
0 0.88125 0.18359375 0.03125 0.178125
0 0.85234375 0.12578125 0.0359375 0.1390625
0 0.8078125 0.140625 0.0359375 0.159375
0 0.7640625 0.05625 0.0390625 0.10625
0 0.79296875 0.03671875 0.0359375 0.0734375
0 0.82734375 0.04375 0.04375 0.0875
0 0.2578125 0.03984375 0.0296875 0.0796875
0 0.2546875 0.11640625 0.0375 0.15
0 0.06484375 0.5453125 0.0546875 0.2328125
0 0.040625 0.51875 0.046875 0.2421875
0 0.13515625 0.3578125 0.0421875 0.2
0 0.103125 0.3515625 0.0390625 0.1875
0 0.10546875 0.2703125 0.0296875 0.10625
0 0.07578125 0.29453125 0.0328125 0.1875
0 0.04375 0.31953125 0.03125 0.190625
0 0.01484375 0.30078125 0.0296875 0.1734375
0 0.13515625 0.21640625 0.0453125 0.1609375
0 0.140625 0.12578125 0.0375 0.15
0 0.52265625 0.196875 0.04375 0.15625
0 0.55703125 0.18828125 0.0390625 0.1734375
0 0.5421875 0.896875 0.0625 0.20625
0 0.44453125 0.94140625 0.0765625 0.1171875
0 0.346875 0.91953125 0.0765625 0.1609375
0 0.46328125 0.8109375 0.065625 0.259375
0 0.43125 0.31484375 0.0484375 0.2
0 0.45859375 0.21484375 0.0484375 0.2078125
0 0.728125 0.04375 0.0296875 0.0875
0 0.1765625 0.0890625 0.0328125 0.128125
0 0.9703125 0.53671875 0.046875 0.23125