0 0.6484375 0.1015625 0.0421875 0.1140625
0 0.64921875 0.05 0.0421875 0.1
0 0.70703125 0.54609375 0.05 0.2171875
0 0.73359375 0.6625 0.0546875 0.2375
0 0.32109375 0.81328125 0.0515625 0.21875
0 0.44296875 0.3640625 0.0546875 0.1953125
0 0.409375 0.3375 0.040625 0.2
0 0.4140625 0.190625 0.05 0.1609375
0 0.36171875 0.26015625 0.0359375 0.1015625
0 0.3984375 0.671875 0.05 0.2328125
0 0.203125 0.3328125 0.046875 0.190625
0 0.2671875 0.18515625 0.040625 0.1671875
0 0.225 0.22578125 0.0375 0.175
0 0.23671875 0.18125 0.028125 0.15625
0 0.16484375 0.22734375 0.0359375 0.171875
0 0.1375 0.19765625 0.0296875 0.175
0 0.165625 0.14140625 0.034375 0.1375
0 0.209375 0.15546875 0.034375 0.15625
0 0.25234375 0.07265625 0.0390625 0.1046875
0 0.2234375 0.04453125 0.034375 0.0890625
0 0.18984375 0.0515625 0.0421875 0.103125
0 0.746875 0.04765625 0.028125 0.0953125
0 0.75078125 0.13203125 0.0359375 0.146875
0 0.93671875 0.55234375 0.053125 0.228125
0 0.9609375 0.52578125 0.0453125 0.2375
0 0.8671875 0.36875 0.040625 0.1953125
0 0.89921875 0.3625 0.0390625 0.184375
0 0.896875 0.2828125 0.0296875 0.103125
0 0.9265625 0.30625 0.0328125 0.184375
0 0.95703125 0.33046875 0.03125 0.1859375
0 0.98515625 0.3125 0.0296875 0.1703125
0 0.8671875 0.2296875 0.04375 0.1578125
0 0.86171875 0.14140625 0.0359375 0.146875
0 0.48828125 0.2109375 0.0421875 0.153125
0 0.4546875 0.20234375 0.0390625 0.1703125
0 0.659375 0.91953125 0.075 0.1609375
0 0.546875 0.8125 0.0640625 0.2546875
0 0.57734375 0.32578125 0.046875 0.1953125
0 0.5515625 0.228125 0.046875 0.203125
0 0.2859375 0.0515625 0.028125 0.103125
0 0.82734375 0.1046875 0.0328125 0.125
0 0.05078125 0.54375 0.0453125 0.2265625
0 0.5609375 0.9265625 0.06875 0.146875
0 0.4515625 0.88359375 0.06875 0.2328125