0 0.00859375 0.5984375 0.0171875 0.2046875
0 0.0203125 0.48828125 0.040625 0.184375
0 0.071875 0.428125 0.0421875 0.209375
0 0.1140625 0.44296875 0.0515625 0.196875
0 0.1390625 0.3109375 0.040625 0.190625
0 0.10625 0.3015625 0.0390625 0.1578125
0 0.1015625 0.26015625 0.034375 0.1453125
0 0.0203125 0.2671875 0.040625 0.1703125
0 0.05859375 0.253125 0.0390625 0.15
0 0.07109375 0.24140625 0.0265625 0.1453125
0 0.0984375 0.090625 0.03125 0.146875
0 0.13125 0.09296875 0.0375 0.171875
0 0.15 0.08046875 0.034375 0.1609375
0 0.1890625 0.0828125 0.0375 0.1328125
0 0.228125 0.07265625 0.0390625 0.140625
0 0.2703125 0.0671875 0.0375 0.134375
0 0.33203125 0.10234375 0.04375 0.1140625
0 0.3296875 0.05078125 0.040625 0.1015625
0 0.27265625 0.5515625 0.05 0.21875
0 0.2453125 0.66875 0.0546875 0.2390625
0 0.2078125 0.965625 0.05625 0.06875
0 0.2875 0.9546875 0.059375 0.090625
0 0.34453125 0.97109375 0.0546875 0.0578125
0 0.35390625 0.871875 0.065625 0.2375
0 0.43828125 0.940625 0.0578125 0.11875
0 0.43046875 0.8890625 0.06875 0.1671875
0 0.58125 0.71328125 0.0625 0.228125
0 0.6625 0.82109375 0.0515625 0.221875
0 0.95 0.67265625 0.046875 0.2375
0 0.45390625 0.3875 0.05 0.19375
0 0.53984375 0.3671875 0.0546875 0.196875
0 0.5734375 0.34140625 0.0421875 0.2015625
0 0.56875 0.1921875 0.0515625 0.1609375
0 0.546875 0.15703125 0.034375 0.1703125
0 0.5140625 0.175 0.0390625 0.1546875
0 0.44296875 0.1390625 0.04375 0.1921875
0 0.62109375 0.2625 0.0359375 0.103125
0 0.703125 0.22578125 0.04375 0.1625
0 0.7671875 0.27890625 0.0390625 0.1734375
0 0.75625 0.23046875 0.0390625 0.171875
0 0.80625 0.296875 0.04375 0.18125
0 0.85 0.26640625 0.0359375 0.1890625
0 0.72109375 0.12578125 0.040625 0.1625
0 0.76171875 0.125 0.0359375 0.140625
0 0.79296875 0.1296875 0.034375 0.1640625
0 0.825 0.153125 0.034375 0.1546875
0 0.8578125 0.16953125 0.0421875 0.1453125
0 0.7703125 0.078125 0.034375 0.14375
0 0.5828125 0.97109375 0.05 0.0578125