0 0.1078125 0.64921875 0.215625 0.7015625
0 0.9046875 0.68515625 0.190625 0.6296875
0 0.4796875 0.20703125 0.1015625 0.165625
0 0.7140625 0.4546875 0.15625 0.4671875
0 0.80625 0.64140625 0.16875 0.6125
0 0.32890625 0.29296875 0.1203125 0.328125
0 0.60703125 0.37109375 0.0890625 0.2046875
0 0.3296875 0.43984375 0.115625 0.28125
0 0.221875 0.6 0.1390625 0.3796875
0 0.20390625 0.425 0.15 0.390625
0 0.6671875 0.41171875 0.0796875 0.2390625
0 0.60234375 0.12265625 0.0703125 0.1484375
0 0.6203125 0.275 0.0796875 0.2265625
0 0.36796875 0.10546875 0.0609375 0.15625
0 0.38828125 0.27734375 0.0671875 0.2359375
0 0.5578125 0.22421875 0.046875 0.065625