0 0.31796875 0.10546875 0.0453125 0.11875
0 0.3171875 0.05234375 0.04375 0.1046875
0 0.25625 0.56953125 0.0515625 0.2265625
0 0.22890625 0.69140625 0.05625 0.2484375
0 0.66015625 0.8484375 0.0546875 0.228125
0 0.5328125 0.3796875 0.05625 0.2046875
0 0.5671875 0.35234375 0.04375 0.209375
0 0.5625 0.19921875 0.053125 0.1671875
0 0.6171875 0.27109375 0.0375 0.10625
0 0.57890625 0.70078125 0.0515625 0.24375
0 0.7828125 0.34765625 0.0484375 0.2
0 0.715625 0.19296875 0.0421875 0.175
0 0.76015625 0.2359375 0.0390625 0.1828125
0 0.7484375 0.1890625 0.028125 0.1625
0 0.82265625 0.23671875 0.0375 0.1796875
0 0.8515625 0.20625 0.0328125 0.1828125
0 0.821875 0.14765625 0.0359375 0.1421875
0 0.7765625 0.16171875 0.0359375 0.1625
0 0.73125 0.07578125 0.0390625 0.1078125
0 0.76171875 0.046875 0.0359375 0.09375
0 0.79609375 0.05390625 0.04375 0.1078125
0 0.21484375 0.05 0.03125 0.1
0 0.2109375 0.1375 0.0375 0.153125
0 0.02265625 0.57578125 0.0453125 0.2375
0 0.0078125 0.5484375 0.015625 0.2484375
0 0.0890625 0.384375 0.04375 0.203125
0 0.05625 0.378125 0.040625 0.1921875
0 0.05859375 0.29453125 0.03125 0.1078125
0 0.028125 0.31953125 0.0328125 0.1921875
0 0.00625 0.34375 0.0125 0.19375
0 0.0890625 0.2390625 0.0453125 0.165625
0 0.09453125 0.14765625 0.0375 0.153125
0 0.48515625 0.21953125 0.0453125 0.159375
0 0.5203125 0.2109375 0.0390625 0.1765625
0 0.50546875 0.91484375 0.065625 0.1703125
0 0.4046875 0.96015625 0.078125 0.0796875
0 0.30546875 0.93828125 0.078125 0.1234375
0 0.42421875 0.846875 0.0671875 0.265625
0 0.3921875 0.33984375 0.0484375 0.2046875
0 0.41953125 0.23828125 0.0484375 0.2109375
0 0.6953125 0.05390625 0.03125 0.1078125
0 0.13125 0.109375 0.0328125 0.13125
0 0.9421875 0.5671875 0.046875 0.2359375