0 0.6390625 0.1140625 0.046875 0.1234375
0 0.640625 0.05703125 0.0453125 0.1140625
0 0.703125 0.5984375 0.053125 0.2359375
0 0.73203125 0.725 0.059375 0.259375
0 0.2828125 0.884375 0.0546875 0.23125
0 0.415625 0.4 0.059375 0.2125
0 0.3796875 0.371875 0.0453125 0.2171875
0 0.384375 0.21171875 0.0546875 0.175
0 0.32734375 0.2875 0.0390625 0.1109375
0 0.3671875 0.73515625 0.0546875 0.2546875
0 0.1546875 0.36640625 0.05 0.2078125
0 0.225 0.20546875 0.04375 0.1828125
0 0.17890625 0.25 0.040625 0.190625
0 0.190625 0.2015625 0.03125 0.16875
0 0.11328125 0.2515625 0.0390625 0.1875
0 0.0828125 0.21953125 0.0328125 0.190625
0 0.1140625 0.1578125 0.0375 0.1484375
0 0.16171875 0.1734375 0.0375 0.16875
0 0.2078125 0.08359375 0.040625 0.1125
0 0.1765625 0.05078125 0.0375 0.1015625
0 0.140625 0.05859375 0.046875 0.1171875
0 0.746875 0.0546875 0.03125 0.109375
0 0.75078125 0.14765625 0.0390625 0.159375
0 0.95234375 0.6046875 0.0578125 0.2484375
0 0.9765625 0.5765625 0.046875 0.259375
0 0.87734375 0.4046875 0.0453125 0.2125
0 0.91171875 0.3984375 0.0421875 0.2
0 0.909375 0.31171875 0.0328125 0.1125
0 0.94140625 0.33671875 0.034375 0.2
0 0.975 0.3640625 0.0328125 0.2015625
0 0.99453125 0.34453125 0.0109375 0.184375
0 0.87734375 0.25390625 0.0484375 0.171875
0 0.87109375 0.1578125 0.0390625 0.159375
0 0.46484375 0.23359375 0.046875 0.1671875
0 0.428125 0.22421875 0.0421875 0.184375
0 0.65078125 0.95859375 0.0796875 0.0828125
0 0.528125 0.87421875 0.06875 0.25
0 0.56171875 0.35859375 0.05 0.2125
0 0.53359375 0.25234375 0.05 0.2203125
0 0.24609375 0.05859375 0.0328125 0.1171875
0 0.8328125 0.11796875 0.034375 0.1359375
0 0.00625 0.59453125 0.0125 0.2453125
0 0.54375 0.96640625 0.075 0.0671875
0 0.425 0.91953125 0.0734375 0.1609375