0 0.740625 0.071875 0.0390625 0.140625
0 0.678125 0.1078125 0.04375 0.1171875
0 0.6796875 0.05390625 0.0421875 0.1078125
0 0.73828125 0.56484375 0.05 0.2234375
0 0.765625 0.684375 0.05625 0.2453125
0 0.34140625 0.8390625 0.053125 0.225
0 0.46640625 0.37734375 0.05625 0.2015625
0 0.4328125 0.35078125 0.0421875 0.20625
0 0.4375 0.2 0.0515625 0.1640625
0 0.459375 0.16328125 0.0359375 0.175
0 0.4921875 0.18125 0.0390625 0.1578125
0 0.38359375 0.27109375 0.0375 0.103125
0 0.2359375 0.28828125 0.0390625 0.1765625
0 0.246875 0.23828125 0.0390625 0.175
0 0.1953125 0.30625 0.04375 0.184375
0 0.2828125 0.13203125 0.040625 0.1640625
0 0.24140625 0.13046875 0.0375 0.14375
0 0.209375 0.1359375 0.0359375 0.1671875
0 0.1765625 0.16015625 0.0359375 0.1578125
0 0.14296875 0.1765625 0.0421875 0.146875
0 0.23203125 0.08359375 0.0359375 0.1453125
0 0.578125 0.171875 0.053125 0.190625
0 0.9921875 0.2953125 0.015625 0.171875
0 0.9734375 0.29609375 0.034375 0.175
0 0.9484375 0.29140625 0.040625 0.1875
0 0.91875 0.35234375 0.0328125 0.178125
0 0.88984375 0.35078125 0.046875 0.196875
0 0.91875 0.2671875 0.028125 0.10625
0 0.92109375 0.12265625 0.0296875 0.175
0 0.89296875 0.12578125 0.0390625 0.1765625
0 0.8796875 0.20703125 0.0421875 0.1703125
0 0.875 0.09609375 0.0359375 0.159375
0 0.83984375 0.11171875 0.0328125 0.1375
0 0.78046875 0.10546875 0.0421875 0.1546875
0 0.29296875 0.2109375 0.034375 0.1671875
0 0.165625 0.24453125 0.0484375 0.1671875
0 0.6671875 0.9015625 0.0703125 0.196875
0 0.059375 0.60078125 0.046875 0.2125
0 0.58359375 0.359375 0.059375 0.203125
0 0.5234375 0.93046875 0.0578125 0.1390625
0 0.571875 0.86328125 0.0734375 0.26875
0 0.61875 0.965625 0.059375 0.06875
0 0.9609375 0.54296875 0.04375 0.2421875
0 0.98203125 0.5171875 0.0359375 0.225
0 0.42109375 0.69453125 0.0515625 0.2390625