0 0.6484375 0.08046875 0.0453125 0.11875
0 0.65078125 0.03984375 0.04375 0.0796875
0 0.71015625 0.54765625 0.0515625 0.2265625
0 0.73828125 0.66953125 0.0578125 0.25
0 0.3046875 0.828125 0.0546875 0.2296875
0 0.4328125 0.35625 0.0578125 0.2046875
0 0.39765625 0.32890625 0.04375 0.2109375
0 0.403125 0.17421875 0.053125 0.16875
0 0.34765625 0.24765625 0.0375 0.10625
0 0.546875 0.14609375 0.0546875 0.1953125
0 0.6375 0.8953125 0.071875 0.209375
0 0.55234375 0.3375 0.059375 0.2078125
0 0.540625 0.85234375 0.075 0.275
0 0.3859375 0.6796875 0.053125 0.2453125
0 0.02578125 0.57578125 0.0515625 0.240625
0 0.18125 0.32421875 0.0484375 0.2
0 0.2484375 0.16796875 0.0421875 0.1765625
0 0.20390625 0.21171875 0.0390625 0.1828125
0 0.215625 0.16484375 0.0296875 0.1625
0 0.140625 0.2125 0.0375 0.18125
0 0.11171875 0.18203125 0.0328125 0.1828125
0 0.14140625 0.12265625 0.0359375 0.14375
0 0.1875 0.1375 0.0359375 0.1625
0 0.2328125 0.05234375 0.040625 0.1046875
0 0.20234375 0.034375 0.0359375 0.06875
0 0.16796875 0.04140625 0.0453125 0.0828125
0 0.47421875 0.9203125 0.0703125 0.159375
0 0.5671875 0.9609375 0.065625 0.078125
0 0.75234375 0.0375 0.03125 0.075
0 0.75625 0.1125 0.0375 0.153125
0 0.9515625 0.55390625 0.05625 0.240625
0 0.9765625 0.5265625 0.046875 0.25
0 0.878125 0.3609375 0.04375 0.2046875
0 0.91171875 0.3546875 0.040625 0.19375
0 0.909375 0.27109375 0.03125 0.109375
0 0.940625 0.2953125 0.034375 0.19375
0 0.97265625 0.32109375 0.0328125 0.1953125
0 0.99375 0.30234375 0.0125 0.178125
0 0.878125 0.21484375 0.046875 0.165625
0 0.87265625 0.12265625 0.0375 0.153125
0 0.48046875 0.1953125 0.0453125 0.1609375
0 0.4453125 0.18671875 0.040625 0.178125