0 0.8859375 0.659375 0.2265625 0.678125
0 0.09765625 0.69453125 0.1953125 0.609375
0 0.51484375 0.23125 0.0984375 0.1609375
0 0.28828125 0.4703125 0.1515625 0.4515625
0 0.1984375 0.65078125 0.1640625 0.5921875
0 0.6609375 0.31328125 0.1171875 0.3171875
0 0.39140625 0.38984375 0.0859375 0.1984375
0 0.66015625 0.45546875 0.1125 0.271875
0 0.7640625 0.61015625 0.134375 0.3671875
0 0.78203125 0.4421875 0.1453125 0.378125
0 0.3328125 0.42890625 0.078125 0.23125
0 0.39609375 0.14921875 0.06875 0.14375
0 0.37890625 0.29609375 0.078125 0.21875
0 0.6234375 0.13203125 0.059375 0.1515625
0 0.603125 0.2984375 0.0640625 0.228125
0 0.43984375 0.246875 0.046875 0.0640625