0 0.2921875 0.0703125 0.0390625 0.140625
0 0.35546875 0.10625 0.0453125 0.11875
0 0.35390625 0.053125 0.04375 0.10625
0 0.29375 0.57109375 0.0515625 0.2265625
0 0.26640625 0.6921875 0.05625 0.2484375
0 0.69765625 0.84921875 0.0546875 0.228125
0 0.5703125 0.38046875 0.05625 0.203125
0 0.6046875 0.353125 0.04375 0.209375
0 0.6 0.2 0.0515625 0.1671875
0 0.578125 0.16328125 0.0359375 0.1765625
0 0.54375 0.18125 0.0390625 0.159375
0 0.6546875 0.27265625 0.0375 0.10625
0 0.80546875 0.28984375 0.040625 0.1796875
0 0.79375 0.2390625 0.040625 0.1765625
0 0.84609375 0.3078125 0.0453125 0.1875
0 0.7578125 0.13125 0.0421875 0.1671875
0 0.79921875 0.1296875 0.0375 0.1453125
0 0.83203125 0.13515625 0.0359375 0.1703125
0 0.86484375 0.159375 0.0359375 0.159375
0 0.89921875 0.1765625 0.04375 0.15
0 0.80859375 0.08203125 0.0359375 0.1484375
0 0.45703125 0.171875 0.0546875 0.19375
0 0.0109375 0.3046875 0.021875 0.1828125
0 0.02890625 0.296875 0.0296875 0.175
0 0.05546875 0.2984375 0.034375 0.1765625
0 0.08046875 0.29296875 0.0421875 0.1921875
0 0.1109375 0.3546875 0.0328125 0.1828125
0 0.13984375 0.353125 0.046875 0.2
0 0.1109375 0.26875 0.028125 0.1078125
0 0.10859375 0.12109375 0.0296875 0.1765625
0 0.13671875 0.125 0.040625 0.1796875
0 0.15078125 0.20703125 0.04375 0.171875
0 0.15546875 0.09453125 0.0359375 0.1625
0 0.19140625 0.11015625 0.0328125 0.1390625
0 0.2515625 0.10390625 0.04375 0.1578125
0 0.746875 0.2109375 0.034375 0.1703125
0 0.8765625 0.2453125 0.05 0.1703125
0 0.3671875 0.90625 0.071875 0.1875
0 0.98046875 0.60703125 0.0390625 0.2171875
0 0.4515625 0.36171875 0.059375 0.20625
0 0.51328125 0.9359375 0.0578125 0.128125
0 0.46328125 0.86875 0.075 0.2625
0 0.41484375 0.971875 0.0609375 0.05625
0 0.06796875 0.5484375 0.04375 0.2453125
0 0.04296875 0.52265625 0.04375 0.228125
0 0.61640625 0.70234375 0.0515625 0.2421875