0 0.64609375 0.06171875 0.04375 0.1171875
0 0.6484375 0.03046875 0.04375 0.0609375
0 0.70703125 0.5203125 0.0515625 0.2234375
0 0.734375 0.640625 0.05625 0.2453125
0 0.3078125 0.79609375 0.053125 0.2265625
0 0.43359375 0.33203125 0.05625 0.2015625
0 0.39921875 0.30546875 0.0421875 0.20625
0 0.4046875 0.15390625 0.0515625 0.165625
0 0.35078125 0.22578125 0.0375 0.1046875
0 0.54609375 0.12578125 0.053125 0.1921875
0 0.634375 0.8796875 0.071875 0.240625
0 0.5515625 0.3140625 0.059375 0.2046875
0 0.53984375 0.8203125 0.0734375 0.2703125
0 0.38828125 0.65 0.0515625 0.240625
0 0.02890625 0.54765625 0.0578125 0.2359375
0 0.18671875 0.30078125 0.0484375 0.196875
0 0.25234375 0.14765625 0.040625 0.1734375
0 0.209375 0.190625 0.0390625 0.1796875
0 0.2203125 0.14453125 0.0296875 0.1609375
0 0.146875 0.19140625 0.0375 0.178125
0 0.11796875 0.1609375 0.03125 0.1796875
0 0.14765625 0.103125 0.0359375 0.140625
0 0.19296875 0.1171875 0.0359375 0.1609375
0 0.23671875 0.04296875 0.040625 0.0859375
0 0.20703125 0.025 0.0359375 0.05
0 0.1734375 0.03203125 0.04375 0.0640625
0 0.4734375 0.90390625 0.06875 0.1921875
0 0.56640625 0.94453125 0.065625 0.1109375
0 0.7484375 0.028125 0.0296875 0.05625
0 0.75234375 0.09296875 0.0359375 0.1515625
0 0.94375 0.5265625 0.0546875 0.234375
0 0.96875 0.5 0.046875 0.2453125
0 0.87265625 0.3375 0.0421875 0.2015625
0 0.9046875 0.33125 0.040625 0.1890625
0 0.903125 0.2484375 0.0296875 0.10625
0 0.9328125 0.27265625 0.0328125 0.1890625
0 0.96484375 0.2984375 0.03125 0.1921875
0 0.9890625 0.2796875 0.021875 0.175
0 0.87265625 0.19375 0.0453125 0.1625
0 0.8671875 0.103125 0.0375 0.1515625
0 0.48125 0.17421875 0.04375 0.1578125
0 0.44609375 0.16640625 0.040625 0.175