0 0.30390625 0.06796875 0.0390625 0.1359375
0 0.36875 0.1015625 0.046875 0.121875
0 0.36640625 0.05078125 0.0453125 0.1015625
0 0.3046875 0.5828125 0.053125 0.234375
0 0.2765625 0.70859375 0.059375 0.2578125
0 0.72265625 0.87109375 0.05625 0.2375
0 0.59140625 0.38515625 0.059375 0.2109375
0 0.6265625 0.35703125 0.04375 0.2171875
0 0.621875 0.1984375 0.0546875 0.1734375
0 0.59921875 0.16015625 0.0375 0.184375
0 0.5640625 0.17890625 0.0421875 0.165625
0 0.678125 0.2734375 0.0390625 0.109375
0 0.4734375 0.16875 0.05625 0.2015625
0 0.01171875 0.30703125 0.0234375 0.1890625
0 0.03046875 0.2984375 0.0296875 0.18125
0 0.0578125 0.3 0.0359375 0.184375
0 0.084375 0.29453125 0.04375 0.1984375
0 0.115625 0.35859375 0.034375 0.1890625
0 0.1453125 0.35703125 0.0484375 0.20625
0 0.115625 0.26953125 0.0296875 0.1125
0 0.1125 0.11640625 0.03125 0.184375
0 0.1421875 0.1203125 0.040625 0.1859375
0 0.15625 0.20546875 0.0453125 0.178125
0 0.1609375 0.08828125 0.0375 0.16875
0 0.1984375 0.10546875 0.034375 0.1453125
0 0.2609375 0.0984375 0.0453125 0.1625
0 0.38046875 0.9171875 0.075 0.165625
0 0.46796875 0.36640625 0.0625 0.2140625
0 0.53203125 0.94765625 0.059375 0.1046875
0 0.48125 0.87734375 0.078125 0.2453125
0 0.43046875 0.984375 0.0625 0.03125
0 0.07109375 0.559375 0.046875 0.2546875
0 0.04453125 0.5328125 0.0453125 0.2375
0 0.6390625 0.71875 0.0546875 0.253125
0 0.9921875 0.6109375 0.015625 0.246875
0 0.85 0.35234375 0.05 0.20625
0 0.78046875 0.19140625 0.04375 0.18125
0 0.8265625 0.2359375 0.040625 0.1890625
0 0.8140625 0.1875 0.0296875 0.16875
0 0.89140625 0.2375 0.0390625 0.1859375
0 0.92109375 0.20546875 0.0328125 0.1890625
0 0.890625 0.14453125 0.0375 0.1484375
0 0.84375 0.16015625 0.0375 0.16875
0 0.796875 0.07109375 0.0421875 0.1125
0 0.828125 0.04453125 0.0375 0.0890625
0 0.86484375 0.0515625 0.0453125 0.103125