0 0.0671875 0.30546875 0.0359375 0.18125
0 0.08984375 0.3640625 0.03125 0.2109375
0 0.0609375 0.82578125 0.040625 0.2453125
0 0.18828125 0.4609375 0.0453125 0.190625
0 0.2515625 0.48125 0.03125 0.2171875
0 0.20625 0.340625 0.0328125 0.1984375
0 0.40859375 0.4625 0.046875 0.19375
0 0.44375 0.32734375 0.0390625 0.1515625
0 0.49765625 0.39375 0.0328125 0.1578125
0 0.5296875 0.2921875 0.040625 0.1609375
0 0.61953125 0.35390625 0.0421875 0.1703125
0 0.6375 0.7265625 0.0515625 0.234375
0 0.8515625 0.45390625 0.0421875 0.2171875
0 0.99453125 0.41640625 0.0109375 0.2109375
0 0.41796875 0.11796875 0.034375 0.1546875
0 0.553125 0.14609375 0.028125 0.090625
0 0.5234375 0.0703125 0.028125 0.140625
0 0.7859375 0.09609375 0.0296875 0.1640625
0 0.84453125 0.09140625 0.0265625 0.1671875