0 0.89375 0.278125 0.034375 0.1703125
0 0.87265625 0.33359375 0.0296875 0.2
0 0.89921875 0.76953125 0.0375 0.23125
0 0.78046875 0.425 0.04375 0.1796875
0 0.7203125 0.44375 0.028125 0.20625
0 0.7625 0.31171875 0.03125 0.1859375
0 0.57265625 0.4265625 0.04375 0.1828125
0 0.5390625 0.29921875 0.0359375 0.1421875
0 0.48828125 0.36171875 0.0296875 0.1484375
0 0.45859375 0.265625 0.0375 0.1515625
0 0.37421875 0.32421875 0.0390625 0.1609375
0 0.35703125 0.67578125 0.046875 0.221875
0 0.15546875 0.41875 0.0390625 0.20625
0 0.01328125 0.38359375 0.0265625 0.2
0 0.56328125 0.1015625 0.0328125 0.1453125
0 0.43671875 0.128125 0.0265625 0.084375
0 0.4640625 0.06171875 0.0265625 0.1234375
0 0.2171875 0.08125 0.028125 0.1546875
0 0.16328125 0.0765625 0.025 0.153125