0 0.06640625 0.4953125 0.040625 0.115625
0 0.3921875 0.88046875 0.0625 0.1765625
0 0.909375 0.45234375 0.0421875 0.0984375
0 0.609375 0.246875 0.0265625 0.0375
0 0.790625 0.28828125 0.028125 0.0421875
0 0.746875 0.2203125 0.009375 0.01875
0 0.7640625 0.2265625 0.0171875 0.009375
0 0.2421875 0.3359375 0.028125 0.08125
0 0.20234375 0.3390625 0.01875 0.0625
0 0.2140625 0.34765625 0.0203125 0.0953125
0 0.1765625 0.24140625 0.0140625 0.071875
0 0.1640625 0.22421875 0.0171875 0.046875
0 0.21796875 0.32578125 0.021875 0.0828125