0 0.9015625 0.515625 0.040625 0.115625
0 0.578125 0.89921875 0.0625 0.175
0 0.06328125 0.47421875 0.0421875 0.0984375
0 0.36171875 0.26953125 0.0265625 0.0375
0 0.18125 0.3109375 0.028125 0.040625
0 0.225 0.24296875 0.009375 0.01875
0 0.2078125 0.24921875 0.0171875 0.009375
0 0.7265625 0.3578125 0.028125 0.0796875
0 0.76640625 0.3609375 0.01875 0.0625
0 0.7546875 0.36953125 0.0203125 0.09375
0 0.7921875 0.2640625 0.0140625 0.071875
0 0.80390625 0.246875 0.015625 0.046875
0 0.75078125 0.34765625 0.0203125 0.0828125