0 0.11015625 0.49765625 0.0390625 0.109375
0 0.4171875 0.86171875 0.0578125 0.1671875
0 0.9046875 0.4578125 0.040625 0.09375
0 0.621875 0.2640625 0.025 0.0359375
0 0.79296875 0.303125 0.0265625 0.0390625
0 0.7515625 0.2390625 0.009375 0.0171875
0 0.76796875 0.2453125 0.015625 0.009375
0 0.27578125 0.34765625 0.0265625 0.0765625
0 0.2375 0.35078125 0.0171875 0.059375
0 0.24921875 0.359375 0.0203125 0.0890625
0 0.21328125 0.259375 0.0140625 0.06875
0 0.20234375 0.24296875 0.015625 0.04375
0 0.253125 0.33828125 0.0203125 0.078125