0 0.321875 0.39609375 0.021875 0.084375
0 0.390625 0.31484375 0.0125 0.059375
0 0.49453125 0.315625 0.0125 0.0546875
0 0.60625 0.3 0.0125 0.046875
0 0.625 0.30625 0.021875 0.046875
0 0.43359375 0.31953125 0.01875 0.0546875
0 0.46796875 0.30390625 0.0109375 0.0546875
0 0.41953125 0.296875 0.0109375 0.046875
0 0.40859375 0.31171875 0.0125 0.059375
0 0.41015625 0.28203125 0.009375 0.0515625
0 0.13046875 0.28359375 0.0109375 0.05625
0 0.1203125 0.271875 0.003125 0.05
0 0.10546875 0.27265625 0.0125 0.0546875
0 0.11328125 0.28125 0.0140625 0.05
0 0.2234375 0.27265625 0.015625 0.059375
0 0.59375 0.2828125 0.0125 0.0390625
0 0.6078125 0.2828125 0.015625 0.0390625
0 0.76171875 0.30390625 0.015625 0.0578125
0 0.19609375 0.084375 0.025 0.0640625
0 0.6296875 0.24453125 0.0109375 0.0484375
0 0.64140625 0.246875 0.0078125 0.04375
0 0.65234375 0.246875 0.0125 0.046875