0 0.27734375 0.4125 0.0234375 0.090625
0 0.35234375 0.32421875 0.0140625 0.0640625
0 0.46484375 0.32421875 0.0140625 0.0609375
0 0.5859375 0.3078125 0.0125 0.0515625
0 0.60625 0.3140625 0.0234375 0.0515625
0 0.39921875 0.32890625 0.0203125 0.0609375
0 0.4359375 0.31171875 0.0109375 0.059375
0 0.38359375 0.30390625 0.0125 0.0515625
0 0.37109375 0.32109375 0.0125 0.065625
0 0.3734375 0.28828125 0.009375 0.0546875
0 0.06953125 0.28984375 0.0125 0.0625
0 0.0578125 0.2765625 0.0046875 0.0546875
0 0.0421875 0.278125 0.0125 0.059375
0 0.05078125 0.2875 0.015625 0.053125
0 0.1703125 0.27734375 0.0171875 0.0640625
0 0.571875 0.2890625 0.0140625 0.04375
0 0.5875 0.2890625 0.015625 0.0421875
0 0.7546875 0.3125 0.015625 0.0625
0 0.140625 0.07421875 0.028125 0.0703125
0 0.6109375 0.24765625 0.0109375 0.0515625
0 0.62421875 0.25 0.0078125 0.046875
0 0.63671875 0.25 0.0140625 0.0515625