0 0.8890625 0.50546875 0.0390625 0.1109375
0 0.57578125 0.87734375 0.059375 0.1703125
0 0.078125 0.46484375 0.040625 0.0953125
0 0.36640625 0.26640625 0.025 0.0359375
0 0.1921875 0.30703125 0.028125 0.0390625
0 0.234375 0.24140625 0.009375 0.0171875
0 0.2171875 0.24765625 0.0171875 0.009375
0 0.7203125 0.35234375 0.028125 0.078125
0 0.75859375 0.35546875 0.01875 0.0609375
0 0.746875 0.3640625 0.0203125 0.090625
0 0.78359375 0.26171875 0.0140625 0.0703125
0 0.7953125 0.2453125 0.015625 0.0453125
0 0.74375 0.34296875 0.0203125 0.078125