0 0.09453125 0.9703125 0.0234375 0.059375
0 0.16875 0.93046875 0.0203125 0.0515625
0 0.18125 0.9125 0.015625 0.0546875
0 0.1953125 0.9109375 0.0203125 0.059375
0 0.2703125 0.85234375 0.0234375 0.053125
0 0.32890625 0.81484375 0.015625 0.046875
0 0.3375 0.8046875 0.0171875 0.0453125
0 0.34609375 0.7953125 0.01875 0.0453125
0 0.378125 0.77265625 0.0125 0.0421875
0 0.3890625 0.765625 0.0125 0.04375
0 0.40078125 0.75703125 0.0125 0.0421875
0 0.4546875 0.82109375 0.009375 0.0375
0 0.45234375 0.78984375 0.0125 0.0328125
0 0.4890625 0.78671875 0.0109375 0.065625
0 0.4953125 0.72578125 0.0109375 0.046875
0 0.50625 0.72578125 0.0109375 0.0546875
0 0.5453125 0.6859375 0.0109375 0.05625
0 0.52578125 0.65859375 0.0109375 0.0453125
0 0.80703125 0.8828125 0.0203125 0.0484375
0 0.8 0.8359375 0.015625 0.0546875
0 0.82890625 0.803125 0.015625 0.075
0 0.96875 0.846875 0.0171875 0.0765625
0 0.8453125 0.69453125 0.0125 0.0546875
0 0.85390625 0.73984375 0.015625 0.059375
0 0.86875 0.6796875 0.015625 0.05625
0 0.83515625 0.59140625 0.0109375 0.0421875
0 0.790625 0.621875 0.0125 0.034375
0 0.759375 0.58828125 0.0109375 0.0484375
0 0.696875 0.59765625 0.0078125 0.021875
0 0.709375 0.59296875 0.00625 0.0125
0 0.74609375 0.5265625 0.00625 0.034375
0 0.75390625 0.5171875 0.0046875 0.03125
0 0.771875 0.5125 0.0078125 0.0390625
0 0.7796875 0.49921875 0.0046875 0.0296875
0 0.7984375 0.52421875 0.0078125 0.034375
0 0.79453125 0.49921875 0.0046875 0.028125
0 0.8453125 0.50078125 0.009375 0.0375
0 0.8421875 0.465625 0.00625 0.0234375
0 0.74453125 0.453125 0.0078125 0.021875
0 0.771875 0.44375 0.0078125 0.015625
0 0.734375 0.496875 0.00625 0.0296875
0 0.72734375 0.49296875 0.0078125 0.03125