0 0.0703125 0.97109375 0.025 0.0578125
0 0.15078125 0.93125 0.021875 0.05625
0 0.16328125 0.9125 0.0171875 0.0578125
0 0.178125 0.91015625 0.021875 0.0640625
0 0.259375 0.846875 0.025 0.05625
0 0.321875 0.80625 0.015625 0.05
0 0.33125 0.79609375 0.0203125 0.0484375
0 0.340625 0.7859375 0.0203125 0.0484375
0 0.375 0.76171875 0.0140625 0.046875
0 0.3875 0.75390625 0.0140625 0.046875
0 0.39921875 0.74453125 0.0140625 0.0453125
0 0.45703125 0.8140625 0.009375 0.040625
0 0.4546875 0.78046875 0.0140625 0.034375
0 0.49375 0.7765625 0.0125 0.0703125
0 0.50078125 0.71171875 0.0125 0.05
0 0.5125 0.7109375 0.0109375 0.0609375
0 0.55390625 0.66875 0.0125 0.059375
0 0.53359375 0.6390625 0.0125 0.0484375
0 0.83515625 0.88046875 0.021875 0.0515625
0 0.828125 0.8296875 0.0171875 0.0578125
0 0.859375 0.79453125 0.0171875 0.0796875
0 0.8765625 0.678125 0.0125 0.059375
0 0.8859375 0.7265625 0.0171875 0.0640625
0 0.90234375 0.66171875 0.0171875 0.059375
0 0.865625 0.5671875 0.0109375 0.04375
0 0.81796875 0.6 0.0125 0.0359375
0 0.784375 0.5640625 0.0109375 0.0515625
0 0.7171875 0.5734375 0.0078125 0.0234375
0 0.73046875 0.56796875 0.0078125 0.0125
0 0.7703125 0.496875 0.0046875 0.0375
0 0.77890625 0.4875 0.0046875 0.034375
0 0.7984375 0.4828125 0.0078125 0.0421875
0 0.80625 0.4671875 0.0046875 0.03125
0 0.82578125 0.4953125 0.0078125 0.0359375
0 0.82265625 0.46796875 0.00625 0.03125
0 0.8765625 0.46953125 0.009375 0.0390625
0 0.8734375 0.43203125 0.00625 0.025
0 0.76875 0.41875 0.0078125 0.0234375
0 0.79765625 0.40859375 0.0078125 0.0171875
0 0.7578125 0.46484375 0.00625 0.03125
0 0.75 0.4609375 0.009375 0.034375