0 0.08984375 0.98515625 0.0234375 0.0296875
0 0.10234375 0.97421875 0.0171875 0.0515625
0 0.1171875 0.971875 0.021875 0.05625
0 0.20234375 0.91328125 0.025 0.0578125
0 0.2671875 0.87109375 0.015625 0.0515625
0 0.2765625 0.86015625 0.0203125 0.05
0 0.2859375 0.85 0.021875 0.05
0 0.321875 0.82578125 0.0140625 0.046875
0 0.33359375 0.8171875 0.0140625 0.0484375
0 0.34609375 0.8078125 0.0140625 0.046875
0 0.40546875 0.87890625 0.009375 0.040625
0 0.403125 0.84453125 0.0140625 0.0359375
0 0.44375 0.840625 0.0125 0.071875
0 0.45078125 0.7734375 0.0125 0.0515625
0 0.4625 0.7734375 0.0125 0.0625
0 0.50546875 0.7296875 0.0125 0.0625
0 0.484375 0.6984375 0.0125 0.05
0 0.7953125 0.94765625 0.0234375 0.053125
0 0.7875 0.8953125 0.0171875 0.059375
0 0.81953125 0.85859375 0.0171875 0.0828125
0 0.97421875 0.9078125 0.01875 0.084375
0 0.8375 0.7390625 0.0140625 0.059375
0 0.846875 0.78828125 0.0171875 0.0671875
0 0.8640625 0.721875 0.0171875 0.0625
0 0.82578125 0.62421875 0.0109375 0.046875
0 0.77734375 0.65859375 0.0140625 0.0375
0 0.74296875 0.62109375 0.0125 0.053125
0 0.6734375 0.63125 0.009375 0.025
0 0.6875 0.62578125 0.0078125 0.0140625
0 0.728125 0.55234375 0.00625 0.0390625
0 0.73671875 0.5421875 0.0046875 0.0359375
0 0.75703125 0.5375 0.0078125 0.04375
0 0.765625 0.521875 0.00625 0.0328125
0 0.7859375 0.55 0.0078125 0.0375
0 0.78203125 0.521875 0.0046875 0.03125
0 0.8375 0.52421875 0.009375 0.040625
0 0.834375 0.48515625 0.00625 0.025
0 0.7265625 0.47109375 0.009375 0.0234375
0 0.75625 0.4609375 0.0078125 0.0171875
0 0.715625 0.51953125 0.00625 0.0328125
0 0.70703125 0.515625 0.009375 0.0359375