0 0.07421875 0.975 0.025 0.05
0 0.15078125 0.93828125 0.021875 0.053125
0 0.16328125 0.9203125 0.0171875 0.05625
0 0.178125 0.91796875 0.021875 0.0609375
0 0.25625 0.85703125 0.0234375 0.0546875
0 0.31640625 0.81875 0.015625 0.0484375
0 0.325 0.80859375 0.01875 0.046875
0 0.334375 0.79921875 0.0203125 0.046875
0 0.3671875 0.77578125 0.0140625 0.04375
0 0.37890625 0.76796875 0.0125 0.04375
0 0.38984375 0.759375 0.0125 0.04375
0 0.44609375 0.82578125 0.009375 0.0390625
0 0.44375 0.79296875 0.0125 0.0328125
0 0.48125 0.78984375 0.0125 0.0671875
0 0.4875 0.72734375 0.0109375 0.046875
0 0.4984375 0.72734375 0.0109375 0.0578125
0 0.5390625 0.68671875 0.0125 0.0578125
0 0.51875 0.6578125 0.0109375 0.046875
0 0.809375 0.8890625 0.021875 0.05
0 0.80234375 0.840625 0.015625 0.05625
0 0.83203125 0.80703125 0.0171875 0.0765625
0 0.9765625 0.85234375 0.0171875 0.078125
0 0.84921875 0.6953125 0.0125 0.05625
0 0.8578125 0.74140625 0.0171875 0.0625
0 0.8734375 0.6796875 0.0171875 0.0578125
0 0.83828125 0.58828125 0.0109375 0.04375
0 0.79296875 0.6203125 0.0125 0.034375
0 0.76015625 0.58515625 0.0109375 0.05
0 0.69609375 0.59453125 0.0078125 0.0234375
0 0.70859375 0.58984375 0.0078125 0.0140625
0 0.746875 0.52109375 0.0046875 0.0359375
0 0.75546875 0.5125 0.0046875 0.0328125
0 0.7734375 0.5078125 0.0078125 0.040625
0 0.78203125 0.49296875 0.0046875 0.03125
0 0.80078125 0.51953125 0.0078125 0.034375
0 0.796875 0.49296875 0.00625 0.0296875
0 0.84921875 0.4953125 0.009375 0.0375
0 0.84609375 0.459375 0.00625 0.0234375
0 0.7453125 0.44609375 0.0078125 0.021875
0 0.7734375 0.43671875 0.0078125 0.015625
0 0.73515625 0.490625 0.00625 0.0296875
0 0.72734375 0.48671875 0.0078125 0.0328125