0 0.9375 0.97578125 0.025 0.0484375
0 0.859375 0.94140625 0.021875 0.0546875
0 0.846875 0.92265625 0.0171875 0.05625
0 0.8328125 0.92109375 0.021875 0.0625
0 0.75390625 0.859375 0.0234375 0.0546875
0 0.69375 0.8203125 0.015625 0.0484375
0 0.684375 0.81015625 0.01875 0.046875
0 0.67578125 0.80078125 0.0203125 0.046875
0 0.6421875 0.77734375 0.0125 0.0453125
0 0.63125 0.76953125 0.0125 0.0453125
0 0.61953125 0.7609375 0.0125 0.04375
0 0.56328125 0.82734375 0.0078125 0.0390625
0 0.565625 0.7953125 0.0125 0.0328125
0 0.528125 0.79140625 0.0125 0.0671875
0 0.52109375 0.72890625 0.0109375 0.0484375
0 0.51015625 0.728125 0.0109375 0.0578125
0 0.46953125 0.6875 0.0125 0.0578125
0 0.48984375 0.65859375 0.0109375 0.046875
0 0.1984375 0.89140625 0.021875 0.05
0 0.2046875 0.84296875 0.015625 0.05625
0 0.175 0.80859375 0.0171875 0.0765625
0 0.0296875 0.85390625 0.0171875 0.0796875
0 0.1578125 0.69609375 0.0125 0.05625
0 0.14921875 0.74296875 0.0171875 0.0625
0 0.13359375 0.68046875 0.0171875 0.0578125
0 0.16875 0.5890625 0.009375 0.04375
0 0.21484375 0.62109375 0.0125 0.0359375
0 0.246875 0.5859375 0.0109375 0.05
0 0.31171875 0.5953125 0.0078125 0.0234375
0 0.29921875 0.590625 0.0078125 0.0125
0 0.2609375 0.52109375 0.00625 0.0359375
0 0.25234375 0.5125 0.0046875 0.0328125
0 0.23359375 0.5078125 0.0078125 0.040625
0 0.22578125 0.49296875 0.0046875 0.03125
0 0.20703125 0.51953125 0.0078125 0.0359375
0 0.21015625 0.49296875 0.00625 0.0296875
0 0.15859375 0.4953125 0.009375 0.0390625
0 0.1609375 0.45859375 0.00625 0.0234375
0 0.2625 0.4453125 0.0078125 0.021875
0 0.234375 0.4359375 0.0078125 0.015625
0 0.27265625 0.490625 0.00625 0.0296875
0 0.28046875 0.48671875 0.0078125 0.0328125