0 0.26328125 0.75078125 0.0296875 0.134375
0 0.28359375 0.609375 0.025 0.0875
0 0.24140625 0.71875 0.0203125 0.0921875
0 0.87734375 0.61875 0.025 0.0734375
0 0.0796875 0.8390625 0.04375 0.0953125
0 0.92109375 0.73671875 0.025 0.084375
0 0.36796875 0.4359375 0.0109375 0.06875
0 0.26640625 0.46640625 0.0125 0.06875
0 0.97265625 0.7203125 0.0203125 0.0625
0 0.93046875 0.55546875 0.0171875 0.0671875
0 0.9875 0.6796875 0.0203125 0.065625
0 0.15 0.26640625 0.0109375 0.0609375
0 0.91171875 0.778125 0.0234375 0.078125
0 0.45625 0.40703125 0.0140625 0.0625
0 0.378125 0.4421875 0.0109375 0.0578125
0 0.08125 0.603125 0.0171875 0.08125
0 0.19921875 0.459375 0.0125 0.0421875
0 0.875 0.55625 0.015625 0.071875
0 0.14453125 0.72109375 0.0203125 0.084375
0 0.13359375 0.74375 0.025 0.090625
0 0.328125 0.59765625 0.0203125 0.0859375
0 0.92734375 0.75078125 0.021875 0.0609375
0 0.996875 0.7078125 0.00625 0.040625
0 0.425 0.43984375 0.009375 0.0625
0 0.76640625 0.39453125 0.0078125 0.0515625
0 0.2203125 0.228125 0.0109375 0.0546875
0 0.30546875 0.609375 0.0234375 0.0859375
0 0.11875 0.55703125 0.0140625 0.046875
0 0.7140625 0.39140625 0.00625 0.0453125
0 0.43203125 0.3671875 0.009375 0.05625
0 0.61796875 0.38828125 0.0125 0.0234375
0 0.971875 0.78515625 0.028125 0.059375
0 0.42578125 0.3671875 0.0109375 0.05625
0 0.346875 0.3546875 0.0109375 0.04375
0 0.41484375 0.44453125 0.009375 0.0625
0 0.15234375 0.58359375 0.0234375 0.0796875
0 0.38046875 0.38046875 0.009375 0.0546875
0 0.6859375 0.565625 0.015625 0.0578125
0 0.603125 0.4046875 0.0109375 0.0296875
0 0.39140625 0.37890625 0.0078125 0.0515625
0 0.07109375 0.33125 0.009375 0.0625
0 0.31953125 0.54765625 0.0203125 0.090625
0 0.50078125 0.3734375 0.0125 0.0609375
0 0.53203125 0.36796875 0.0109375 0.059375
0 0.27734375 0.471875 0.0109375 0.059375
0 0.7203125 0.47109375 0.015625 0.0296875
0 0.85703125 0.490625 0.0109375 0.059375
0 0.68671875 0.35546875 0.0109375 0.04375
0 0.625 0.4109375 0.009375 0.0265625
0 0.9921875 0.734375 0.015625 0.0484375
0 0.365625 0.184375 0.0078125 0.040625
0 0.8078125 0.52421875 0.01875 0.0671875
0 0.2359375 0.225 0.009375 0.0546875
0 0.8484375 0.23671875 0.0078125 0.0515625
0 0.7609375 0.40625 0.0078125 0.05
0 0.35078125 0.1875 0.009375 0.0453125
0 0.29296875 0.20078125 0.0109375 0.046875
0 0.74375 0.41796875 0.009375 0.0453125
0 0.671875 0.48984375 0.015625 0.0390625
0 0.69921875 0.5515625 0.0171875 0.0515625
0 0.0625 0.33671875 0.0109375 0.06875
0 0.29453125 0.53125 0.015625 0.0703125
0 0.71015625 0.3484375 0.00625 0.040625
0 0.796875 0.4125 0.0078125 0.0390625
0 0.94375 0.296875 0.009375 0.0578125
0 0.70859375 0.45859375 0.0109375 0.03125
0 0.99375 0.8015625 0.0125 0.059375
0 0.33046875 0.19296875 0.0078125 0.0421875
0 0.45390625 0.171875 0.009375 0.0375
0 0.31640625 0.19609375 0.0078125 0.04375
0 0.81484375 0.41171875 0.0078125 0.046875
0 0.8640625 0.23359375 0.0125 0.046875
0 0.321875 0.19453125 0.0078125 0.0453125
0 0.70234375 0.43515625 0.0125 0.028125
0 0.65546875 0.4203125 0.0140625 0.0484375
0 0.7796875 0.5515625 0.009375 0.065625
0 0.38671875 0.43515625 0.0078125 0.0515625
0 0.35234375 0.3296875 0.0078125 0.04375
0 0.8421875 0.23515625 0.0078125 0.0515625
0 0.3390625 0.190625 0.0078125 0.0421875
0 0.4796875 0.315625 0.009375 0.046875
0 0.28203125 0.20625 0.0078125 0.0515625
0 0.671875 0.43359375 0.0109375 0.040625
0 0.61015625 0.575 0.0203125 0.046875
0 0.6203125 0.5625 0.015625 0.0453125
0 0.64609375 0.5484375 0.0234375 0.046875
0 0.56640625 0.33203125 0.009375 0.0296875
0 0.49140625 0.59453125 0.0265625 0.059375
0 0.47890625 0.58046875 0.0171875 0.05625
0 0.7484375 0.20625 0.009375 0.0453125
0 0.7765625 0.21328125 0.0078125 0.046875
0 0.62734375 0.17265625 0.00625 0.040625
0 0.621875 0.175 0.0109375 0.0328125
0 0.8375 0.08515625 0.0078125 0.0359375
0 0.85 0.0875 0.0125 0.04375
0 0.875 0.0953125 0.0078125 0.0328125
0 0.88671875 0.09609375 0.0078125 0.040625
0 0.29375 0.0609375 0.00625 0.0375
0 0.309375 0.20234375 0.0078125 0.0375
0 0.18984375 0.24921875 0.009375 0.0453125
0 0.18046875 0.2390625 0.00625 0.028125
0 0.775 0.559375 0.0109375 0.059375
0 0.7453125 0.48828125 0.0125 0.0375
0 0.7578125 0.4828125 0.0140625 0.05
0 0.734375 0.3921875 0.0109375 0.0484375
0 0.73125 0.38828125 0.0140625 0.05
0 0.69609375 0.35546875 0.0109375 0.0390625
0 0.5453125 0.3875 0.0125 0.028125
0 0.5578125 0.3921875 0.0125 0.025
0 0.38515625 0.34375 0.00625 0.040625
0 0.36328125 0.35 0.0046875 0.046875
0 0.36953125 0.34609375 0.00625 0.0453125
0 0.36484375 0.33125 0.0078125 0.0453125
0 0.23828125 0.36328125 0.009375 0.040625
0 0.13984375 0.590625 0.0171875 0.0609375
0 0.1296875 0.55 0.0234375 0.0421875
0 0.1625 0.51171875 0.015625 0.034375
0 0.0890625 0.59609375 0.021875 0.065625
0 0.465625 0.1734375 0.0078125 0.040625
0 0.61953125 0.0453125 0.0078125 0.034375
0 0.63125 0.046875 0.0109375 0.0375
0 0.996875 0.74375 0.00625 0.040625
0 0.52109375 0.3359375 0.0109375 0.0234375
0 0.46328125 0.39453125 0.009375 0.0578125
0 0.36171875 0.440625 0.009375 0.0578125
0 0.29140625 0.38984375 0.0125 0.0546875
0 0.2890625 0.46953125 0.0140625 0.0625
0 0.30625 0.3609375 0.0078125 0.040625
0 0.10078125 0.28125 0.0125 0.0453125
0 0.73125 0.1984375 0.0125 0.0421875
0 0.7390625 0.2 0.0078125 0.04375
0 0.76796875 0.20234375 0.0109375 0.04375
0 0.609375 0.43984375 0.0109375 0.0265625
0 0.61796875 0.440625 0.0109375 0.028125
0 0.6609375 0.46953125 0.01875 0.0390625
0 0.68125 0.49453125 0.015625 0.0578125
0 0.69375 0.45078125 0.0125 0.0265625
0 0.73046875 0.4765625 0.0171875 0.0375
0 0.746875 0.39296875 0.009375 0.0484375
0 0.7171875 0.38515625 0.009375 0.05
0 0.796875 0.39921875 0.00625 0.0375
0 0.825 0.37890625 0.0109375 0.0390625
0 0.909375 0.553125 0.0203125 0.06875
0 0.88046875 0.52421875 0.0125 0.0640625
0 0.834375 0.5734375 0.0140625 0.0765625
0 0.81640625 0.63984375 0.025 0.0828125
0 0.7390625 0.721875 0.0265625 0.0859375
0 0.753125 0.721875 0.0203125 0.0671875
0 0.16015625 0.7359375 0.025 0.0796875
0 0.65078125 0.85703125 0.034375 0.096875
0 0.68046875 0.81640625 0.028125 0.090625
0 0.671875 0.88046875 0.0265625 0.078125
0 0.90390625 0.5546875 0.0171875 0.071875
0 0.9640625 0.715625 0.0203125 0.0546875
0 0.9140625 0.625 0.0234375 0.078125
0 0.97890625 0.6578125 0.028125 0.0625
0 0.265625 0.55859375 0.015625 0.0859375
0 0.25 0.61015625 0.021875 0.0890625
0 0.3015625 0.50390625 0.015625 0.0609375
0 0.31171875 0.34296875 0.009375 0.046875
0 0.33515625 0.3421875 0.00625 0.05
0 0.33671875 0.32578125 0.00625 0.0375
0 0.78984375 0.41328125 0.0125 0.046875
0 0.2109375 0.38828125 0.00625 0.0484375
0 0.7234375 0.634375 0.028125 0.0828125
0 0.784375 0.60234375 0.0203125 0.078125
0 0.71328125 0.8953125 0.034375 0.1171875
0 0.625 0.9390625 0.028125 0.0953125
0 0.89453125 0.76875 0.0234375 0.0796875
0 0.8265625 0.6671875 0.028125 0.0828125
0 0.8875 0.759375 0.025 0.0984375
0 0.88359375 0.6625 0.03125 0.0796875
0 0.90078125 0.68125 0.0234375 0.075
0 0.83515625 0.3828125 0.009375 0.04375
0 0.1828125 0.75390625 0.028125 0.1046875
0 0.32265625 0.3671875 0.0078125 0.0484375
0 0.81484375 0.5984375 0.021875 0.065625
0 0.815625 0.53203125 0.01875 0.0875
0 0.82109375 0.56328125 0.0140625 0.0625
0 0.8703125 0.51640625 0.0140625 0.0609375
0 0.6953125 0.85 0.025 0.078125
0 0.915625 0.97734375 0.034375 0.0453125
0 0.93515625 0.971875 0.0453125 0.05625
0 0.78359375 0.54140625 0.0140625 0.06875
0 0.77109375 0.5546875 0.0109375 0.0546875
0 0.7515625 0.41953125 0.0078125 0.046875
0 0.66953125 0.346875 0.009375 0.04375
0 0.7203125 0.309375 0.0078125 0.034375
0 0.61796875 0.34765625 0.0078125 0.0296875
0 0.62734375 0.34296875 0.0109375 0.0484375
0 0.3234375 0.3453125 0.0078125 0.0390625
0 0.2953125 0.3515625 0.0078125 0.04375
0 0.32421875 0.49921875 0.0109375 0.040625
0 0.296875 0.51640625 0.0171875 0.078125
0 0.31484375 0.315625 0.0078125 0.021875
0 0.3046875 0.315625 0.00625 0.0390625
0 0.24765625 0.3671875 0.0046875 0.0359375
0 0.11953125 0.2828125 0.0140625 0.0546875
0 0.140625 0.271875 0.0078125 0.0515625
0 0.0890625 0.3015625 0.0125 0.06875
0 0.85390625 0.23046875 0.0109375 0.05
0 0.95546875 0.759375 0.034375 0.08125
0 0.9703125 0.70546875 0.00625 0.03125