0 0.73984375 0.71640625 0.0265625 0.1
0 0.31015625 0.83828125 0.028125 0.1015625
0 0.284375 0.8375 0.021875 0.078125
0 0.5546875 0.9359375 0.03125 0.115625
0 0.72890625 0.5578125 0.015625 0.0875
0 0.53671875 0.72265625 0.0203125 0.0890625
0 0.7625 0.70078125 0.0203125 0.090625
0 0.64296875 0.85546875 0.021875 0.0953125
0 0.19375 0.78984375 0.0296875 0.11875
0 0.8796875 0.8390625 0.0421875 0.09375
0 0.796875 0.95546875 0.0421875 0.0890625
0 0.17890625 0.48046875 0.0125 0.065625
0 0.11015625 0.7203125 0.0234375 0.0828125
0 0.63984375 0.42890625 0.0078125 0.0578125
0 0.740625 0.4484375 0.0125 0.0671875
0 0.046875 0.70234375 0.01875 0.059375
0 0.084375 0.590625 0.0140625 0.0671875
0 0.13671875 0.95390625 0.028125 0.0859375
0 0.05546875 0.6125 0.025 0.0734375
0 0.30703125 0.98125 0.028125 0.0375
0 0.7671875 0.42265625 0.0125 0.0671875
0 0.8515625 0.2578125 0.0109375 0.059375
0 0.1015625 0.76640625 0.021875 0.0578125
0 0.55859375 0.39296875 0.0140625 0.06875
0 0.8609375 0.590625 0.0203125 0.071875
0 0.628125 0.43046875 0.0109375 0.05625
0 0.9125 0.58046875 0.0171875 0.0796875
0 0.80390625 0.446875 0.0125 0.0421875
0 0.5734375 0.73515625 0.0203125 0.134375
0 0.1578125 0.434375 0.009375 0.0625
0 0.825 0.50703125 0.0171875 0.06875
0 0.15078125 0.53203125 0.01875 0.071875
0 0.85703125 0.703125 0.0203125 0.0828125
0 0.1328125 0.653125 0.0234375 0.084375
0 0.84296875 0.72109375 0.0265625 0.0765625
0 0.87265625 0.71328125 0.015625 0.0640625
0 0.85 0.784375 0.0328125 0.09375
0 0.75625 0.20859375 0.009375 0.05
0 0.68984375 0.58046875 0.015625 0.10625
0 0.09140625 0.73203125 0.0203125 0.059375
0 0.01875 0.69140625 0.0171875 0.040625
0 0.928125 0.6390625 0.0203125 0.0734375
0 0.603125 0.43125 0.009375 0.0609375
0 0.24375 0.3859375 0.0109375 0.0578125
0 0.559375 0.73125 0.0265625 0.0984375
0 0.09453125 0.58359375 0.0125 0.0671875
0 0.14609375 0.475 0.009375 0.0578125
0 0.78359375 0.2203125 0.0109375 0.053125
0 0.7046875 0.559375 0.0125 0.0765625
0 0.88203125 0.5421875 0.0140625 0.04375
0 0.30078125 0.375 0.0109375 0.05625
0 0.5765625 0.35625 0.009375 0.0546875
0 0.3953125 0.390625 0.0109375 0.05
0 0.9234375 0.83359375 0.0296875 0.0765625
0 0.5421875 0.3625 0.0125 0.053125
0 0.04765625 0.765625 0.0265625 0.0578125
0 0.58203125 0.35703125 0.0109375 0.0546875
0 0.6640625 0.3203125 0.009375 0.021875
0 0.59140625 0.43515625 0.009375 0.0609375
0 0.6578125 0.3765625 0.0109375 0.05625
0 0.83671875 0.528125 0.0140625 0.0390625
0 0.6265625 0.36953125 0.009375 0.053125
0 0.5515625 0.35625 0.0078125 0.046875
0 0.32421875 0.56015625 0.021875 0.046875
0 0.615625 0.36796875 0.009375 0.05
0 0.69140625 0.428125 0.0109375 0.0671875
0 0.9296875 0.321875 0.009375 0.0609375
0 0.69296875 0.521875 0.0125 0.0671875
0 0.484375 0.3625 0.009375 0.046875
0 0.4765625 0.35234375 0.0109375 0.0578125
0 0.2421875 0.52421875 0.0140625 0.078125
0 0.72421875 0.43828125 0.0109375 0.0578125
0 0.28828125 0.45234375 0.0125 0.0515625
0 0.2078125 0.40546875 0.0078125 0.0484375
0 0.32734375 0.3453125 0.0109375 0.0421875
0 0.3875 0.39921875 0.0125 0.0484375
0 0.60078125 0.3453125 0.0109375 0.0515625
0 0.02734375 0.71640625 0.0171875 0.0484375
0 0.1515625 0.95390625 0.0421875 0.0921875
0 0.64140625 0.17734375 0.0078125 0.040625
0 0.215625 0.4890625 0.0109375 0.0671875
0 0.76796875 0.21171875 0.009375 0.053125
0 0.16875 0.22890625 0.0078125 0.05
0 0.23046875 0.37734375 0.009375 0.0484375
0 0.62890625 0.3421875 0.0078125 0.053125
0 0.65546875 0.18046875 0.009375 0.04375
0 0.18046875 0.384375 0.009375 0.0453125
0 0.71171875 0.19453125 0.0109375 0.046875
0 0.26875 0.40546875 0.0109375 0.04375
0 0.25625 0.525 0.0140625 0.0734375
0 0.9671875 0.3296875 0.0109375 0.0625
0 0.340625 0.475 0.01875 0.0390625
0 0.315625 0.534375 0.01875 0.0515625
0 0.9375 0.32734375 0.0109375 0.0671875
0 0.70703125 0.49296875 0.015625 0.0625
0 0.10625 0.509375 0.0140625 0.0609375
0 0.30390625 0.3390625 0.00625 0.0390625
0 0.22109375 0.3984375 0.0078125 0.0390625
0 0.06484375 0.2953125 0.009375 0.05625
0 0.6796875 0.5 0.0125 0.0640625
0 0.3046875 0.44609375 0.0109375 0.0296875
0 0.025 0.78203125 0.015625 0.0578125
0 0.67578125 0.18671875 0.0078125 0.0421875
0 0.11328125 0.76640625 0.01875 0.06875
0 0.55390625 0.165625 0.0078125 0.0375
0 0.91015625 0.634375 0.0171875 0.0671875
0 0.6890625 0.18984375 0.0078125 0.0421875
0 0.159375 0.478125 0.0109375 0.05625
0 0.140625 0.2375 0.009375 0.0546875
0 0.68359375 0.1875 0.0078125 0.04375
0 0.3109375 0.4234375 0.0125 0.028125
0 0.35703125 0.40859375 0.0140625 0.046875
0 0.22734375 0.50625 0.009375 0.04375
0 0.62734375 0.4234375 0.0078125 0.05
0 0.64921875 0.32421875 0.0078125 0.0421875
0 0.5859375 0.16640625 0.009375 0.0421875
0 0.21953125 0.428125 0.009375 0.0671875
0 0.17421875 0.22734375 0.0078125 0.05
0 0.66640625 0.18359375 0.0078125 0.0421875
0 0.5296875 0.30625 0.009375 0.046875
0 0.72578125 0.19609375 0.0078125 0.0515625
0 0.684375 0.5265625 0.0125 0.06875
0 0.678125 0.534375 0.0140625 0.075
0 0.34140625 0.421875 0.0109375 0.0390625
0 0.40078125 0.5640625 0.01875 0.0546875
0 0.3921875 0.54765625 0.0140625 0.04375
0 0.36640625 0.534375 0.021875 0.046875
0 0.44453125 0.321875 0.009375 0.028125
0 0.5171875 0.57890625 0.0265625 0.0578125
0 0.53046875 0.565625 0.015625 0.0546875
0 0.00859375 0.78515625 0.0171875 0.0453125
0 0.26640625 0.19921875 0.0078125 0.04375
0 0.25625 0.19765625 0.0125 0.0515625
0 0.384375 0.16640625 0.00625 0.040625
0 0.390625 0.16875 0.0109375 0.0328125
0 0.17890625 0.08125 0.00625 0.0359375
0 0.1671875 0.08359375 0.0109375 0.0421875
0 0.1421875 0.090625 0.0078125 0.0328125
0 0.13046875 0.09140625 0.0078125 0.040625
0 0.71171875 0.05703125 0.00625 0.0359375
0 0.5953125 0.178125 0.0125 0.0265625
0 0.69609375 0.1953125 0.0078125 0.0375
0 0.81328125 0.24140625 0.009375 0.0453125
0 0.821875 0.23125 0.00625 0.0265625
0 0.1546875 0.51171875 0.0234375 0.0640625
0 0.18125 0.46640625 0.009375 0.034375
0 0.23046875 0.52890625 0.021875 0.065625
0 0.27265625 0.48828125 0.015625 0.071875
0 0.25703125 0.4703125 0.0140625 0.0484375
0 0.2796875 0.38125 0.009375 0.0484375
0 0.2828125 0.37734375 0.0140625 0.05
0 0.3171875 0.3453125 0.0109375 0.0375
0 0.465625 0.3765625 0.0109375 0.028125
0 0.453125 0.38125 0.0125 0.0234375
0 0.6234375 0.334375 0.0046875 0.0390625
0 0.64296875 0.33984375 0.0046875 0.0453125
0 0.63671875 0.3359375 0.00625 0.04375
0 0.64140625 0.32109375 0.00625 0.04375
0 0.7625 0.36796875 0.0078125 0.0296875
0 0.7546875 0.36171875 0.0078125 0.0390625
0 0.8625 0.575 0.0171875 0.059375
0 0.871875 0.5359375 0.0234375 0.0390625
0 0.8375 0.49609375 0.0140625 0.034375
0 0.9078125 0.5671875 0.015625 0.0671875
0 0.91953125 0.63828125 0.015625 0.059375
0 0.9390625 0.82578125 0.025 0.05
0 0.54296875 0.1671875 0.0078125 0.0390625
0 0.3921875 0.04140625 0.00625 0.0328125
0 0.38125 0.04375 0.009375 0.0375
0 0.0171875 0.725 0.0171875 0.040625
0 0.4890625 0.32578125 0.0109375 0.0234375
0 0.56171875 0.38828125 0.0125 0.059375
0 0.6359375 0.41796875 0.0109375 0.0578125
0 0.66328125 0.3453125 0.0109375 0.0484375
0 0.696875 0.42578125 0.0109375 0.05625
0 0.3328125 0.478125 0.0203125 0.059375
0 0.34921875 0.45703125 0.015625 0.0359375
0 0.2421875 0.3921875 0.0140625 0.0515625
0 0.23203125 0.38515625 0.0109375 0.05
0 0.175 0.39609375 0.009375 0.0328125
0 0.18671875 0.35859375 0.00625 0.0453125
0 0.58125 0.7234375 0.0203125 0.0828125