0 0.6296875 0.9578125 0.03125 0.084375
0 0.19765625 0.74765625 0.0234375 0.10625
0 0.8078125 0.7453125 0.021875 0.0953125
0 0.790625 0.70078125 0.025 0.090625
0 0.22109375 0.76328125 0.0265625 0.1125
0 0.328125 0.871875 0.0265625 0.1
0 0.74765625 0.95703125 0.04375 0.0859375
0 0.82890625 0.52421875 0.0140625 0.0671875
0 0.7515625 0.6375 0.0203125 0.0859375
0 0.05 0.86796875 0.028125 0.0953125
0 0.0859375 0.77265625 0.025 0.0890625
0 0.26875 0.89375 0.0265625 0.1
0 0.2328125 0.596875 0.0140625 0.0859375
0 0.775 0.63359375 0.0203125 0.0921875
0 0.11875 0.75546875 0.025 0.0875
0 0.878125 0.80859375 0.0265625 0.06875
0 0.1421875 0.675 0.0234375 0.096875
0 0.87109375 0.6828125 0.015625 0.08125
0 0.1 0.75 0.021875 0.08125
0 0.484375 0.9046875 0.0234375 0.1203125
0 0.60234375 0.35390625 0.0109375 0.0515625
0 0.10703125 0.60390625 0.01875 0.078125
0 0.0390625 0.61796875 0.025 0.06875
0 0.24453125 0.546875 0.0140625 0.0828125
0 0.5140625 0.853125 0.0265625 0.1171875
0 0.775 0.95859375 0.0265625 0.0828125
0 0.89453125 0.75546875 0.01875 0.0625
0 0.88203125 0.64375 0.01875 0.0703125
0 0.8015625 0.50078125 0.015625 0.059375
0 0.10390625 0.2796875 0.0125 0.0609375
0 0.97421875 0.74140625 0.021875 0.0703125
0 0.11640625 0.52734375 0.0140625 0.0421875
0 0.32265625 0.44921875 0.009375 0.0671875
0 0.73671875 0.55625 0.0125 0.0828125
0 0.390625 0.3859375 0.009375 0.0625
0 0.27265625 0.575 0.0140625 0.0828125
0 0.91875 0.6734375 0.015625 0.0625
0 0.52890625 0.8265625 0.0203125 0.103125
0 0.2953125 0.9015625 0.0203125 0.0796875
0 0.4125 0.40546875 0.0140625 0.0609375
0 0.94296875 0.740625 0.0203125 0.059375
0 0.46484375 0.3859375 0.0109375 0.06875
0 0.16328125 0.24375 0.009375 0.0609375
0 0.15546875 0.48671875 0.0140625 0.0640625
0 0.496875 0.37890625 0.0109375 0.05625
0 0.02109375 0.35078125 0.0109375 0.0703125
0 0.76640625 0.5453125 0.0125 0.078125
0 0.9984375 0.85859375 0.003125 0.0703125
0 0.18984375 0.23359375 0.009375 0.053125
0 0.55078125 0.36875 0.0109375 0.06875
0 0.87109375 0.56875 0.0140625 0.065625
0 0.2734375 0.38359375 0.009375 0.053125
0 0.33671875 0.39765625 0.0078125 0.059375
0 0.67578125 0.39765625 0.0109375 0.0578125
0 0.34453125 0.453125 0.0078125 0.0609375
0 0.57890625 0.35546875 0.009375 0.053125
0 0.81328125 0.45 0.009375 0.059375
0 0.221875 0.48828125 0.009375 0.0625
0 0.090625 0.61015625 0.01875 0.0703125
0 0.17578125 0.23828125 0.009375 0.05625
0 0.27734375 0.20390625 0.009375 0.0484375
0 0.6625 0.57421875 0.01875 0.0609375
0 0.38515625 0.38359375 0.009375 0.0609375
0 0.07109375 0.58671875 0.0140625 0.04375
0 0.58671875 0.4359375 0.0125 0.0515625
0 0.33671875 0.44921875 0.0078125 0.065625
0 0.79140625 0.48203125 0.0125 0.0671875
0 0.9046875 0.6671875 0.0171875 0.065625
0 0.23359375 0.4875 0.009375 0.0640625
0 0.63671875 0.50234375 0.0140625 0.0515625
0 0.83046875 0.24375 0.0046875 0.0484375
0 0.853125 0.565625 0.0125 0.0671875
0 0.2578125 0.55859375 0.0125 0.0765625
0 0.58203125 0.409375 0.0109375 0.046875
0 0.9890625 0.840625 0.01875 0.0375
0 0.253125 0.528125 0.0140625 0.0796875
0 0.14765625 0.50859375 0.0140625 0.084375
0 0.34765625 0.39453125 0.009375 0.05625
0 0.4390625 0.41796875 0.0125 0.0546875
0 0.30546875 0.36796875 0.0109375 0.04375
0 0.64296875 0.36484375 0.009375 0.040625
0 0.240625 0.48671875 0.0125 0.0625
0 0.98828125 0.8609375 0.0234375 0.071875
0 0.63046875 0.496875 0.0140625 0.053125
0 0.234375 0.2140625 0.0109375 0.0546875
0 0.30703125 0.1984375 0.009375 0.04375
0 0.93984375 0.7828125 0.025 0.0703125
0 0.72265625 0.42421875 0.0125 0.0578125
0 0.33203125 0.3640625 0.0078125 0.05625
0 0.8625 0.56171875 0.0125 0.06875
0 0.32265625 0.19453125 0.0078125 0.04375
0 0.2515625 0.3796875 0.0125 0.053125
0 0.5765625 0.434375 0.0109375 0.05
0 0.634375 0.45 0.0125 0.0484375
0 0.6859375 0.39453125 0.0109375 0.0578125
0 0.40546875 0.33125 0.0078125 0.0515625
0 0.62109375 0.425 0.0109375 0.034375
0 0.65390625 0.59453125 0.021875 0.046875
0 0.62109375 0.35625 0.009375 0.046875
0 0.7609375 0.41484375 0.0078125 0.0421875
0 0.77578125 0.42578125 0.009375 0.04375
0 0.7140625 0.42421875 0.0125 0.0515625
0 0.696875 0.4109375 0.0125 0.0625
0 0.21796875 0.5734375 0.0109375 0.0859375
0 0.259375 0.209375 0.0078125 0.0484375
0 0.65625 0.36953125 0.009375 0.0359375
0 0.42578125 0.3828125 0.0109375 0.06875
0 0.78125 0.425 0.0078125 0.05
0 0.7109375 0.5171875 0.0125 0.059375
0 0.66796875 0.44765625 0.015625 0.025
0 0.6015625 0.428125 0.0125 0.04375
0 0.3265625 0.365625 0.0078125 0.0578125
0 0.378125 0.4546875 0.0078125 0.065625
0 0.76171875 0.50703125 0.009375 0.0515625
0 0.96328125 0.76015625 0.0203125 0.0515625
0 0.68359375 0.48359375 0.0125 0.0546875
0 0.74140625 0.43203125 0.0109375 0.040625
0 0.74296875 0.56015625 0.0140625 0.0828125
0 0.32734375 0.45078125 0.0078125 0.071875
0 0.48203125 0.35078125 0.0078125 0.0359375
0 0.20390625 0.2296875 0.009375 0.053125
0 0.75625 0.421875 0.009375 0.04375
0 0.24921875 0.21171875 0.009375 0.0484375
0 0.36875 0.45859375 0.0125 0.0625
0 0.6953125 0.4828125 0.0109375 0.0546875
0 0.646875 0.51015625 0.0171875 0.05625
0 0.290625 0.20625 0.009375 0.05
0 0.8171875 0.2484375 0.0078125 0.05625
0 0.2796875 0.534375 0.015625 0.0703125
0 0.52734375 0.34609375 0.0125 0.025
0 0.5765625 0.58984375 0.0203125 0.0484375
0 0.45 0.6140625 0.0171875 0.0578125
0 0.43359375 0.59921875 0.015625 0.0421875
0 0.584375 0.5796875 0.0125 0.0390625
0 0.603125 0.571875 0.0203125 0.05625
0 0.50625 0.40234375 0.0125 0.0265625
0 0.51796875 0.40859375 0.0109375 0.025
0 0.34296875 0.359375 0.0078125 0.0453125
0 0.2875 0.378125 0.0125 0.0484375
0 0.28671875 0.3453125 0.0078125 0.0453125
0 0.30703125 0.3421875 0.009375 0.040625
0 0.30078125 0.3484375 0.0109375 0.03125
0 0.2765625 0.32578125 0.009375 0.0390625
0 0.2625 0.34375 0.0078125 0.04375
0 0.08046875 0.56796875 0.0171875 0.0390625
0 0.03125 0.6296875 0.015625 0.075
0 0.32734375 0.903125 0.0234375 0.08125
0 0.275 0.95234375 0.0328125 0.0765625
0 0.67265625 0.48125 0.0125 0.034375
0 0.659375 0.46640625 0.015625 0.0265625
0 0.721875 0.50078125 0.0140625 0.05625
0 0.7125 0.40703125 0.0125 0.0515625
0 0.696875 0.4015625 0.0125 0.0546875
0 0.67734375 0.36640625 0.0078125 0.0421875
0 0.6734375 0.34453125 0.0078125 0.0296875
0 0.6640625 0.37265625 0.00625 0.03125
0 0.19375 0.37890625 0.0078125 0.0375
0 0.4140625 0.1828125 0.009375 0.040625
0 0.425 0.184375 0.009375 0.040625
0 0.26640625 0.2109375 0.0109375 0.0484375
0 0.28203125 0.20546875 0.00625 0.04375
0 0.5796875 0.18359375 0.0109375 0.04375
0 0.58984375 0.1859375 0.009375 0.040625
0 0.57890625 0.0515625 0.0078125 0.0390625
0 0.246875 0.06875 0.0125 0.0375
0 0.00859375 0.3625 0.0140625 0.0625
0 0.0109375 0.315625 0.0078125 0.034375