0 0.77890625 0.7171875 0.0265625 0.1046875
0 0.5859375 0.9421875 0.03125 0.115625
0 0.76796875 0.55234375 0.0171875 0.090625
0 0.56484375 0.73828125 0.021875 0.090625
0 0.803125 0.70078125 0.021875 0.09375
0 0.73984375 0.85703125 0.03125 0.1140625
0 0.16796875 0.721875 0.0265625 0.0859375
0 0.92421875 0.8453125 0.04375 0.096875
0 0.85703125 0.959375 0.0453125 0.08125
0 0.1125 0.71953125 0.025 0.0859375
0 0.675 0.41796875 0.0078125 0.0609375
0 0.78046875 0.43828125 0.0125 0.06875
0 0.059375 0.703125 0.0203125 0.0625
0 0.09921875 0.5859375 0.015625 0.071875
0 0.153125 0.959375 0.0296875 0.08125
0 0.065625 0.60859375 0.01875 0.075
0 0.8953125 0.240625 0.0109375 0.0609375
0 0.121875 0.76875 0.025 0.0625
0 0.58359375 0.3875 0.0125 0.0625
0 0.9046875 0.58671875 0.0203125 0.075
0 0.66328125 0.4203125 0.0125 0.0578125
0 0.95859375 0.57578125 0.0171875 0.0828125
0 0.8453125 0.43671875 0.0125 0.04375
0 0.61328125 0.73671875 0.021875 0.1390625
0 0.1796875 0.42265625 0.0140625 0.0375
0 0.878125 0.52109375 0.0171875 0.071875
0 0.1640625 0.52734375 0.0203125 0.075
0 0.90078125 0.703125 0.0203125 0.0859375
0 0.18984375 0.72109375 0.025 0.0875
0 0.86796875 0.6796875 0.0265625 0.0796875
0 0.9171875 0.7140625 0.015625 0.0671875
0 0.89375 0.78828125 0.034375 0.096875
0 0.72734375 0.57578125 0.015625 0.109375
0 0.10546875 0.73359375 0.021875 0.0625
0 0.03046875 0.69140625 0.0171875 0.0421875
0 0.63671875 0.42109375 0.009375 0.0640625
0 0.26171875 0.37421875 0.0109375 0.059375
0 0.5890625 0.73515625 0.0234375 0.1046875
0 0.109375 0.5796875 0.0125 0.06875
0 0.82421875 0.2015625 0.0109375 0.0546875
0 0.7421875 0.55390625 0.0125 0.0796875
0 0.92734375 0.53671875 0.0140625 0.046875
0 0.321875 0.36796875 0.00625 0.046875
0 0.609375 0.34296875 0.009375 0.0578125
0 0.4203125 0.36484375 0.0125 0.025
0 0.06015625 0.76875 0.028125 0.059375
0 0.61484375 0.34375 0.0109375 0.0578125
0 0.7 0.30546875 0.009375 0.0234375
0 0.625 0.425 0.009375 0.0640625
0 0.7015625 0.4203125 0.0125 0.059375
0 0.89296875 0.5375 0.0140625 0.0625
0 0.6609375 0.35703125 0.009375 0.0546875
0 0.35078125 0.5453125 0.015625 0.0578125
0 0.43515625 0.38203125 0.0109375 0.0296875
0 0.65 0.35546875 0.009375 0.0515625
0 0.72890625 0.41796875 0.0109375 0.0703125
0 0.97578125 0.30703125 0.009375 0.0625
0 0.73046875 0.51484375 0.0140625 0.06875
0 0.52734375 0.3546875 0.0171875 0.0625
0 0.50625 0.3390625 0.0109375 0.0609375
0 0.2625 0.51796875 0.0140625 0.08125
0 0.76875 0.43671875 0.0109375 0.0609375
0 0.315625 0.4484375 0.015625 0.0296875
0 0.2265625 0.390625 0.0078125 0.05
0 0.35078125 0.33125 0.0109375 0.04375
0 0.41328125 0.38828125 0.0109375 0.0265625
0 0.6359375 0.30234375 0.0109375 0.053125
0 0.03984375 0.7171875 0.015625 0.05
0 0.16875 0.9578125 0.04375 0.084375
0 0.6765625 0.15703125 0.0078125 0.0421875
0 0.23515625 0.48125 0.0109375 0.0703125
0 0.8078125 0.19921875 0.009375 0.0546875
0 0.1859375 0.2109375 0.0078125 0.0515625
0 0.253125 0.37421875 0.0078125 0.0515625
0 0.6640625 0.328125 0.0078125 0.05625
0 0.6921875 0.1609375 0.009375 0.0453125
0 0.19375 0.35859375 0.009375 0.046875
0 0.75 0.175 0.0109375 0.0484375
0 0.290625 0.3984375 0.0125 0.053125
0 0.2765625 0.51796875 0.0140625 0.0765625
0 0.36796875 0.46796875 0.0109375 0.040625
0 0.3375 0.53046875 0.015625 0.053125
0 0.984375 0.3125 0.0109375 0.0703125
0 0.0078125 0.803125 0.015625 0.084375
0 0.74453125 0.48515625 0.015625 0.065625
0 0.12109375 0.50234375 0.0140625 0.0625
0 0.3265625 0.32578125 0.00625 0.040625
0 0.240625 0.38671875 0.0078125 0.040625
0 0.07890625 0.2796875 0.009375 0.059375
0 0.71640625 0.4921875 0.0125 0.065625
0 0.32734375 0.43671875 0.0125 0.03125
0 0.03671875 0.78515625 0.015625 0.059375
0 0.7125 0.16640625 0.0078125 0.04375
0 0.58671875 0.14453125 0.0078125 0.0390625
0 0.7265625 0.16953125 0.0078125 0.04375
0 0.21953125 0.3890625 0.0078125 0.046875
0 0.15703125 0.21953125 0.009375 0.0578125
0 0.7203125 0.16796875 0.0078125 0.046875
0 0.33359375 0.41328125 0.0125 0.0296875
0 0.38125 0.396875 0.015625 0.0484375
0 0.246875 0.49921875 0.0109375 0.0453125
0 0.6625 0.4125 0.0078125 0.053125
0 0.68515625 0.309375 0.0078125 0.04375
0 0.61875 0.1453125 0.009375 0.04375
0 0.2390625 0.41796875 0.009375 0.06875
0 0.1921875 0.209375 0.0078125 0.0515625
0 0.703125 0.1640625 0.0078125 0.04375
0 0.5609375 0.29140625 0.009375 0.046875
0 0.7609375 0.18046875 0.0078125 0.053125
0 0.721875 0.51953125 0.0125 0.071875
0 0.71484375 0.528125 0.015625 0.078125
0 0.365625 0.4109375 0.0109375 0.040625
0 0.428125 0.5546875 0.021875 0.0484375
0 0.41796875 0.5421875 0.015625 0.0453125
0 0.39140625 0.528125 0.0234375 0.046875
0 0.47265625 0.30703125 0.009375 0.0296875
0 0.5484375 0.57421875 0.0265625 0.059375
0 0.56171875 0.56015625 0.0171875 0.0578125
0 0.01875 0.7890625 0.021875 0.0484375
0 0.2875 0.1796875 0.0078125 0.0453125
0 0.27734375 0.178125 0.0140625 0.053125
0 0.41015625 0.1453125 0.00625 0.0421875
0 0.41640625 0.14765625 0.0109375 0.034375
0 0.196875 0.05703125 0.0078125 0.0359375
0 0.184375 0.059375 0.0125 0.04375
0 0.15859375 0.06640625 0.0078125 0.034375
0 0.146875 0.06796875 0.0078125 0.0421875
0 0.75 0.0328125 0.00625 0.0375
0 0.6296875 0.1578125 0.0125 0.028125
0 0.73359375 0.1765625 0.0078125 0.0375
0 0.85546875 0.22421875 0.009375 0.046875
0 0.8640625 0.21328125 0.00625 0.028125
0 0.25 0.521875 0.021875 0.0671875
0 0.290625 0.46640625 0.0140625 0.0390625
0 0.278125 0.46171875 0.0140625 0.05
0 0.3015625 0.36875 0.0109375 0.0484375
0 0.3046875 0.36484375 0.0140625 0.0515625
0 0.340625 0.33125 0.0109375 0.0390625
0 0.49375 0.3640625 0.0125 0.028125
0 0.48125 0.36875 0.0125 0.025
0 0.6578125 0.3203125 0.0046875 0.040625
0 0.678125 0.32578125 0.0046875 0.046875
0 0.671875 0.321875 0.00625 0.046875
0 0.6765625 0.30703125 0.0078125 0.0453125
0 0.8 0.359375 0.0078125 0.040625
0 0.80234375 0.33984375 0.009375 0.040625
0 0.90625 0.5703125 0.01875 0.0625
0 0.91640625 0.5296875 0.0234375 0.0421875
0 0.88046875 0.48828125 0.0140625 0.0359375
0 0.95390625 0.56171875 0.0171875 0.06875
0 0.575 0.146875 0.0078125 0.040625
0 0.41796875 0.01640625 0.00625 0.0328125
0 0.40625 0.01875 0.0109375 0.0375
0 0.02890625 0.7265625 0.01875 0.0421875
0 0.51875 0.31171875 0.0125 0.0234375
0 0.58828125 0.375 0.0078125 0.0578125
0 0.67109375 0.40703125 0.0109375 0.059375
0 0.7 0.33125 0.0109375 0.0515625
0 0.734375 0.415625 0.0109375 0.05625
0 0.759375 0.4078125 0.009375 0.0375
0 0.7484375 0.396875 0.015625 0.0640625
0 0.7140625 0.421875 0.0109375 0.0640625
0 0.728125 0.29375 0.009375 0.0421875
0 0.81875 0.190625 0.0109375 0.0421875
0 0.94609375 0.25625 0.0125 0.046875
0 0.30546875 0.17265625 0.0125 0.0421875
0 0.296875 0.17421875 0.009375 0.0453125
0 0.26796875 0.1765625 0.009375 0.04375
0 0.42890625 0.4171875 0.0109375 0.0265625
0 0.41953125 0.41796875 0.0109375 0.028125
0 0.37578125 0.44765625 0.01875 0.0390625
0 0.35546875 0.4734375 0.015625 0.059375
0 0.34296875 0.428125 0.0140625 0.0265625
0 0.30625 0.4546875 0.0171875 0.0390625
0 0.28515625 0.36953125 0.009375 0.0484375
0 0.31875 0.36171875 0.009375 0.0515625
0 0.2484375 0.35859375 0.00625 0.0375
0 0.20546875 0.34140625 0.0109375 0.040625
0 0.25703125 0.31875 0.0078125 0.0171875
0 0.1875 0.4125 0.015625 0.0484375
0 0.1453125 0.50390625 0.0125 0.065625
0 0.153125 0.4953125 0.009375 0.0515625
0 0.19609375 0.61875 0.021875 0.0890625
0 0.16796875 0.61484375 0.025 0.0859375
0 0.00859375 0.83828125 0.0171875 0.05625
0 0.2921875 0.71875 0.0265625 0.0875
0 0.27109375 0.7046875 0.0203125 0.0671875
0 0.72109375 0.86171875 0.0203125 0.096875
0 0.85703125 0.9390625 0.0234375 0.0625
0 0.95 0.74921875 0.021875 0.0578125
0 0.9421875 0.7265625 0.0234375 0.08125
0 0.9296875 0.71640625 0.01875 0.0734375
0 0.88984375 0.72890625 0.0265625 0.08125