0 0.75078125 0.73046875 0.0265625 0.1015625
0 0.5625 0.946875 0.03125 0.10625
0 0.73984375 0.56875 0.015625 0.0890625
0 0.54140625 0.75078125 0.021875 0.0875
0 0.77421875 0.7140625 0.0203125 0.090625
0 0.7125 0.8671875 0.0296875 0.1109375
0 0.15234375 0.73515625 0.025 0.084375
0 0.89296875 0.85546875 0.04375 0.0953125
0 0.82734375 0.9640625 0.04375 0.071875
0 0.0984375 0.73203125 0.025 0.0828125
0 0.64921875 0.4375 0.0078125 0.059375
0 0.7515625 0.4578125 0.0125 0.0671875
0 0.046875 0.71640625 0.01875 0.0609375
0 0.08515625 0.6015625 0.0140625 0.0703125
0 0.13828125 0.9640625 0.0296875 0.071875
0 0.053125 0.62421875 0.01875 0.075
0 0.8640625 0.2640625 0.0109375 0.0609375
0 0.1078125 0.78046875 0.0234375 0.0625
0 0.559375 0.4078125 0.0125 0.0625
0 0.87421875 0.60234375 0.0203125 0.0734375
0 0.6375 0.4390625 0.0109375 0.0578125
0 0.9265625 0.59140625 0.0171875 0.08125
0 0.815625 0.45546875 0.0125 0.0421875
0 0.58828125 0.74921875 0.0203125 0.1359375
0 0.16484375 0.4421875 0.0140625 0.0375
0 0.84765625 0.53828125 0.0171875 0.0703125
0 0.14921875 0.54453125 0.0203125 0.0734375
0 0.8703125 0.71640625 0.0203125 0.0828125
0 0.17421875 0.73359375 0.0234375 0.0859375
0 0.8375 0.69375 0.0265625 0.078125
0 0.8859375 0.7265625 0.015625 0.065625
0 0.86328125 0.79921875 0.0328125 0.0953125
0 0.7 0.59140625 0.015625 0.10625
0 0.0921875 0.74609375 0.0203125 0.0609375
0 0.01796875 0.7046875 0.0171875 0.0421875
0 0.61171875 0.440625 0.009375 0.0625
0 0.24453125 0.39453125 0.0109375 0.0578125
0 0.56484375 0.74765625 0.0234375 0.103125
0 0.0953125 0.5953125 0.0125 0.0671875
0 0.7953125 0.22578125 0.0109375 0.0546875
0 0.71484375 0.5703125 0.0125 0.078125
0 0.8953125 0.553125 0.0140625 0.0453125
0 0.30390625 0.3890625 0.00625 0.0453125
0 0.584375 0.3640625 0.009375 0.0546875
0 0.39921875 0.3859375 0.0125 0.0234375
0 0.046875 0.78046875 0.028125 0.059375
0 0.58984375 0.36484375 0.0109375 0.0546875
0 0.6734375 0.32734375 0.009375 0.021875
0 0.6 0.44453125 0.009375 0.0625
0 0.675 0.43984375 0.0125 0.0578125
0 0.8625 0.55390625 0.0140625 0.059375
0 0.6359375 0.37734375 0.009375 0.0546875
0 0.33203125 0.5625 0.015625 0.05625
0 0.4140625 0.40234375 0.0109375 0.0296875
0 0.62421875 0.3765625 0.0078125 0.05
0 0.70234375 0.43671875 0.0109375 0.06875
0 0.94375 0.32890625 0.009375 0.0609375
0 0.703125 0.53203125 0.0140625 0.0671875
0 0.5046875 0.37578125 0.015625 0.0625
0 0.48359375 0.36015625 0.0109375 0.059375
0 0.2453125 0.53515625 0.0140625 0.0796875
0 0.74140625 0.45546875 0.0109375 0.059375
0 0.29765625 0.4671875 0.015625 0.0296875
0 0.21015625 0.4109375 0.0078125 0.0484375
0 0.33125 0.353125 0.0109375 0.04375
0 0.39296875 0.4078125 0.009375 0.025
0 0.6109375 0.32421875 0.0109375 0.053125
0 0.02734375 0.7296875 0.0171875 0.0484375
0 0.153125 0.9625 0.04375 0.075
0 0.65078125 0.18203125 0.0078125 0.040625
0 0.21875 0.49921875 0.0109375 0.06875
0 0.77890625 0.2234375 0.009375 0.0546875
0 0.1703125 0.23515625 0.0078125 0.05
0 0.2359375 0.39453125 0.009375 0.05
0 0.63828125 0.35 0.0078125 0.0546875
0 0.665625 0.1859375 0.009375 0.0453125
0 0.17734375 0.37890625 0.009375 0.046875
0 0.72265625 0.19921875 0.0109375 0.046875
0 0.27265625 0.41875 0.0125 0.0515625
0 0.259375 0.53515625 0.0140625 0.075
0 0.98203125 0.33671875 0.0109375 0.0640625
0 0.34921875 0.4859375 0.009375 0.0390625
0 0.31875 0.54765625 0.015625 0.0515625
0 0.9515625 0.334375 0.0109375 0.06875
0 0.00234375 0.8140625 0.0046875 0.0828125
0 0.7171875 0.503125 0.015625 0.0625
0 0.10703125 0.5203125 0.0140625 0.0609375
0 0.3078125 0.346875 0.00625 0.040625
0 0.22421875 0.40625 0.0078125 0.0390625
0 0.065625 0.30234375 0.009375 0.0578125
0 0.68984375 0.51015625 0.0125 0.065625
0 0.30859375 0.45546875 0.0109375 0.03125
0 0.02421875 0.796875 0.0140625 0.059375
0 0.68515625 0.19140625 0.0078125 0.0421875
0 0.5625 0.1703125 0.009375 0.0375
0 0.69921875 0.19453125 0.0078125 0.04375
0 0.203125 0.409375 0.0078125 0.0453125
0 0.1421875 0.24375 0.009375 0.05625
0 0.69375 0.19296875 0.0078125 0.0453125
0 0.31484375 0.4328125 0.0125 0.028125
0 0.36171875 0.4171875 0.0140625 0.0484375
0 0.2296875 0.51640625 0.0109375 0.0453125
0 0.63671875 0.43203125 0.0078125 0.0515625
0 0.659375 0.33125 0.0078125 0.04375
0 0.59453125 0.17109375 0.009375 0.04375
0 0.221875 0.4375 0.009375 0.0671875
0 0.1765625 0.2328125 0.0078125 0.05
0 0.6765625 0.1890625 0.0078125 0.0421875
0 0.5375 0.31328125 0.009375 0.046875
0 0.73359375 0.2046875 0.0078125 0.0515625
0 0.69453125 0.53671875 0.0125 0.0703125
0 0.68828125 0.54453125 0.0140625 0.075
0 0.34609375 0.43125 0.0109375 0.0390625
0 0.4078125 0.57109375 0.0203125 0.046875
0 0.39765625 0.55859375 0.015625 0.0453125
0 0.371875 0.5453125 0.021875 0.046875
0 0.45078125 0.32890625 0.009375 0.0296875
0 0.525 0.590625 0.0265625 0.059375
0 0.5375 0.5765625 0.0171875 0.05625
0 0.00859375 0.8 0.0171875 0.046875
0 0.2703125 0.2046875 0.0078125 0.0453125
0 0.259375 0.20234375 0.0140625 0.0515625
0 0.38984375 0.17109375 0.00625 0.040625
0 0.39609375 0.1734375 0.0109375 0.0328125
0 0.18125 0.084375 0.0078125 0.0359375
0 0.16875 0.08671875 0.0125 0.04375
0 0.14375 0.09375 0.0078125 0.0328125
0 0.13203125 0.09453125 0.0078125 0.040625
0 0.721875 0.06015625 0.00625 0.0359375
0 0.6046875 0.18359375 0.0125 0.0265625
0 0.70625 0.20078125 0.0078125 0.0375
0 0.825 0.24765625 0.009375 0.0453125
0 0.834375 0.23671875 0.00625 0.028125
0 0.2328125 0.5390625 0.021875 0.0671875
0 0.27265625 0.48515625 0.0140625 0.0375
0 0.2609375 0.4796875 0.0140625 0.05
0 0.28359375 0.3890625 0.0109375 0.0484375
0 0.28671875 0.38515625 0.0140625 0.05
0 0.321875 0.353125 0.009375 0.0375
0 0.471875 0.384375 0.0125 0.028125
0 0.459375 0.3890625 0.0125 0.025
0 0.63203125 0.34140625 0.0046875 0.0390625
0 0.65234375 0.34765625 0.0046875 0.046875
0 0.64609375 0.34375 0.00625 0.0453125
0 0.65078125 0.32890625 0.0078125 0.0453125
0 0.77109375 0.38046875 0.0078125 0.0390625
0 0.7734375 0.3609375 0.009375 0.0390625
0 0.875 0.58671875 0.0171875 0.059375
0 0.88515625 0.546875 0.0234375 0.040625
0 0.85 0.50625 0.0140625 0.034375
0 0.921875 0.578125 0.015625 0.0671875
0 0.55078125 0.171875 0.0078125 0.040625
0 0.39765625 0.04375 0.00625 0.034375
0 0.38671875 0.04609375 0.0109375 0.0375
0 0.01640625 0.7390625 0.01875 0.040625
0 0.49609375 0.33359375 0.0109375 0.0234375
0 0.5640625 0.3953125 0.0078125 0.05625
0 0.6453125 0.4265625 0.0109375 0.0578125
0 0.6734375 0.353125 0.0109375 0.05
0 0.70703125 0.43515625 0.0109375 0.05625
0 0.73125 0.42734375 0.0078125 0.0359375
0 0.72109375 0.41640625 0.0140625 0.0625
0 0.68671875 0.44140625 0.0109375 0.0640625
0 0.70078125 0.315625 0.009375 0.0421875
0 0.7890625 0.21484375 0.0109375 0.0421875
0 0.9140625 0.27890625 0.0125 0.0453125
0 0.2875 0.196875 0.0125 0.0421875
0 0.27890625 0.1984375 0.0078125 0.04375
0 0.25078125 0.20078125 0.0109375 0.04375
0 0.4078125 0.43671875 0.0109375 0.0265625
0 0.39921875 0.4375 0.0109375 0.028125
0 0.35625 0.46640625 0.01875 0.0390625
0 0.3359375 0.49140625 0.015625 0.0578125
0 0.3234375 0.44765625 0.0140625 0.0265625
0 0.2875 0.47265625 0.0171875 0.0375
0 0.26796875 0.38984375 0.009375 0.0484375
0 0.3 0.3828125 0.009375 0.05
0 0.23125 0.3796875 0.00625 0.0375
0 0.18984375 0.3625 0.0109375 0.040625
0 0.23984375 0.340625 0.0078125 0.0171875
0 0.171875 0.43203125 0.015625 0.0484375
0 0.13046875 0.52109375 0.0125 0.065625
0 0.13828125 0.51328125 0.009375 0.0515625
0 0.1796875 0.63359375 0.021875 0.0859375
0 0.153125 0.6296875 0.025 0.0828125
0 0.00234375 0.84765625 0.0046875 0.0546875
0 0.27421875 0.73203125 0.0265625 0.0859375
0 0.25390625 0.71796875 0.0203125 0.0671875
0 0.69453125 0.871875 0.0203125 0.0953125
0 0.8265625 0.94765625 0.0234375 0.0609375
0 0.91796875 0.7609375 0.021875 0.05625
0 0.91015625 0.73984375 0.0234375 0.0796875
0 0.89765625 0.7296875 0.01875 0.0703125
0 0.859375 0.7421875 0.025 0.0796875