0 0.7640625 0.71484375 0.0265625 0.1046875
0 0.57265625 0.94140625 0.0328125 0.1171875
0 0.753125 0.55 0.015625 0.090625
0 0.55 0.73515625 0.021875 0.090625
0 0.78828125 0.6984375 0.0203125 0.09375
0 0.725 0.85390625 0.03125 0.1140625
0 0.153125 0.71953125 0.025 0.0859375
0 0.909375 0.8421875 0.04375 0.096875
0 0.8421875 0.9578125 0.04375 0.084375
0 0.09765625 0.71640625 0.025 0.0859375
0 0.66015625 0.415625 0.009375 0.0609375
0 0.765625 0.4359375 0.0125 0.06875
0 0.04453125 0.7 0.0203125 0.0625
0 0.084375 0.58359375 0.0140625 0.071875
0 0.1375 0.9578125 0.028125 0.084375
0 0.05078125 0.60625 0.01875 0.075
0 0.88046875 0.23828125 0.0109375 0.0609375
0 0.10703125 0.76640625 0.025 0.0625
0 0.56875 0.384375 0.0125 0.0625
0 0.890625 0.584375 0.0203125 0.075
0 0.6484375 0.4171875 0.0125 0.0578125
0 0.94375 0.57265625 0.0171875 0.0828125
0 0.83125 0.434375 0.0125 0.04375
0 0.5984375 0.734375 0.0203125 0.1390625
0 0.165625 0.41953125 0.0140625 0.0375
0 0.8640625 0.51796875 0.0171875 0.071875
0 0.15 0.525 0.0203125 0.075
0 0.8859375 0.7 0.0203125 0.0859375
0 0.175 0.71796875 0.025 0.0875
0 0.853125 0.67734375 0.0265625 0.0796875
0 0.903125 0.7109375 0.015625 0.0671875
0 0.87890625 0.78515625 0.034375 0.096875
0 0.7125 0.57265625 0.0171875 0.109375
0 0.09140625 0.73125 0.021875 0.0625
0 0.015625 0.68828125 0.0171875 0.0421875
0 0.621875 0.41875 0.009375 0.0625
0 0.246875 0.371875 0.0109375 0.059375
0 0.57421875 0.73203125 0.0234375 0.1046875
0 0.09453125 0.5765625 0.0125 0.06875
0 0.81015625 0.19921875 0.0109375 0.0546875
0 0.72734375 0.55078125 0.0125 0.0796875
0 0.9125 0.53359375 0.0140625 0.046875
0 0.3078125 0.365625 0.00625 0.046875
0 0.59453125 0.340625 0.0078125 0.0578125
0 0.40546875 0.3625 0.0125 0.025
0 0.0453125 0.765625 0.028125 0.0609375
0 0.6 0.340625 0.0109375 0.0578125
0 0.68515625 0.30234375 0.009375 0.0234375
0 0.61015625 0.42265625 0.009375 0.0625
0 0.68671875 0.4171875 0.0125 0.059375
0 0.87890625 0.534375 0.0140625 0.0625
0 0.646875 0.35390625 0.009375 0.0546875
0 0.3359375 0.54296875 0.015625 0.0578125
0 0.4203125 0.37890625 0.0109375 0.0296875
0 0.63515625 0.353125 0.009375 0.0515625
0 0.71484375 0.41484375 0.0109375 0.0703125
0 0.96171875 0.30390625 0.009375 0.0625
0 0.715625 0.5125 0.0125 0.06875
0 0.5125 0.3515625 0.015625 0.0640625
0 0.49140625 0.33671875 0.0109375 0.0609375
0 0.24765625 0.51484375 0.0140625 0.08125
0 0.7546875 0.43359375 0.0109375 0.0609375
0 0.3015625 0.44609375 0.015625 0.0296875
0 0.21171875 0.3875 0.0078125 0.05
0 0.3359375 0.32890625 0.0109375 0.04375
0 0.3984375 0.38515625 0.0109375 0.0265625
0 0.62109375 0.29921875 0.0109375 0.053125
0 0.025 0.7140625 0.015625 0.05
0 0.15390625 0.95703125 0.04375 0.0859375
0 0.66171875 0.1546875 0.0078125 0.0421875
0 0.2203125 0.478125 0.0109375 0.0703125
0 0.79375 0.19609375 0.0078125 0.0546875
0 0.17109375 0.20859375 0.0078125 0.0515625
0 0.23828125 0.371875 0.009375 0.0515625
0 0.64921875 0.32578125 0.0078125 0.0546875
0 0.67734375 0.1578125 0.009375 0.0453125
0 0.17890625 0.35546875 0.009375 0.046875
0 0.73515625 0.171875 0.0109375 0.0484375
0 0.27578125 0.39609375 0.0125 0.053125
0 0.2625 0.515625 0.0140625 0.0765625
0 0.99765625 0.3125 0.0046875 0.065625
0 0.35390625 0.46484375 0.009375 0.040625
0 0.3234375 0.528125 0.015625 0.053125
0 0.96953125 0.31015625 0.0109375 0.0703125
0 0.7296875 0.48203125 0.015625 0.065625
0 0.10703125 0.5 0.0140625 0.0625
0 0.31171875 0.32265625 0.00625 0.040625
0 0.2265625 0.38359375 0.0078125 0.0390625
0 0.0640625 0.2765625 0.009375 0.059375
0 0.7015625 0.4890625 0.0125 0.065625
0 0.3125 0.43359375 0.0125 0.03125
0 0.021875 0.7828125 0.015625 0.059375
0 0.69765625 0.1640625 0.0078125 0.04375
0 0.571875 0.1421875 0.009375 0.0390625
0 0.71171875 0.1671875 0.0078125 0.04375
0 0.2046875 0.3859375 0.0078125 0.046875
0 0.1421875 0.2171875 0.009375 0.0578125
0 0.70546875 0.165625 0.0078125 0.046875
0 0.31953125 0.41015625 0.0125 0.0296875
0 0.3671875 0.39453125 0.015625 0.0484375
0 0.23203125 0.49609375 0.0109375 0.0453125
0 0.64765625 0.41015625 0.0078125 0.053125
0 0.6703125 0.30625 0.0078125 0.04375
0 0.6046875 0.14296875 0.009375 0.04375
0 0.22421875 0.41484375 0.009375 0.06875
0 0.17734375 0.20625 0.0078125 0.0515625
0 0.68828125 0.1609375 0.0078125 0.04375
0 0.54609375 0.28828125 0.0078125 0.046875
0 0.746875 0.17734375 0.0078125 0.053125
0 0.70703125 0.5171875 0.0140625 0.071875
0 0.70078125 0.525 0.015625 0.078125
0 0.35078125 0.40859375 0.0109375 0.040625
0 0.41328125 0.55234375 0.021875 0.0484375
0 0.403125 0.5390625 0.015625 0.0453125
0 0.37734375 0.525 0.0234375 0.0484375
0 0.4578125 0.3046875 0.009375 0.0296875
0 0.53359375 0.57109375 0.0265625 0.059375
0 0.546875 0.5578125 0.0171875 0.0578125
0 0.00703125 0.7859375 0.0140625 0.046875
0 0.27265625 0.1765625 0.0078125 0.0453125
0 0.2625 0.175 0.0140625 0.053125
0 0.3953125 0.14296875 0.00625 0.0421875
0 0.4015625 0.1453125 0.0109375 0.034375
0 0.18203125 0.05390625 0.0078125 0.0359375
0 0.16953125 0.05703125 0.0125 0.04375
0 0.14375 0.0640625 0.0078125 0.034375
0 0.13203125 0.06484375 0.0078125 0.0421875
0 0.73515625 0.0296875 0.00625 0.0375
0 0.61484375 0.15546875 0.0125 0.028125
0 0.71953125 0.1734375 0.0078125 0.0390625
0 0.840625 0.22109375 0.009375 0.046875
0 0.85 0.21015625 0.00625 0.028125
0 0.23515625 0.51953125 0.021875 0.06875
0 0.27578125 0.4640625 0.0140625 0.0390625
0 0.26328125 0.45859375 0.0140625 0.05
0 0.28671875 0.36640625 0.0109375 0.05
0 0.28984375 0.36171875 0.0140625 0.0515625
0 0.32578125 0.32890625 0.009375 0.0390625
0 0.4796875 0.36171875 0.0125 0.028125
0 0.46640625 0.36640625 0.0125 0.025
0 0.64296875 0.3171875 0.0046875 0.040625
0 0.6640625 0.3234375 0.0046875 0.046875
0 0.6578125 0.31875 0.00625 0.046875
0 0.6625 0.30390625 0.0078125 0.0453125
0 0.78515625 0.35625 0.0078125 0.040625
0 0.7875 0.33671875 0.009375 0.040625
0 0.89140625 0.56796875 0.01875 0.0625
0 0.9015625 0.5265625 0.0234375 0.0421875
0 0.865625 0.4859375 0.0140625 0.0359375
0 0.9390625 0.559375 0.0171875 0.06875
0 0.56015625 0.14375 0.0078125 0.040625
0 0.403125 0.01484375 0.00625 0.0296875
0 0.39140625 0.0171875 0.0109375 0.034375
0 0.0140625 0.7234375 0.01875 0.0421875
0 0.50390625 0.30859375 0.0125 0.025
0 0.57421875 0.37265625 0.0078125 0.0578125
0 0.65703125 0.4046875 0.0109375 0.059375
0 0.68515625 0.32890625 0.0109375 0.0515625
0 0.71953125 0.4125 0.0109375 0.0578125
0 0.74453125 0.40546875 0.009375 0.0375
0 0.73359375 0.39375 0.015625 0.0640625
0 0.69921875 0.41875 0.0109375 0.0640625
0 0.71328125 0.290625 0.009375 0.0421875
0 0.80390625 0.1875 0.0109375 0.0421875
0 0.93125 0.253125 0.0125 0.046875
0 0.290625 0.16953125 0.0125 0.0421875
0 0.28203125 0.17109375 0.0078125 0.0453125
0 0.253125 0.1734375 0.0109375 0.04375
0 0.4140625 0.4140625 0.0109375 0.0265625
0 0.4046875 0.41484375 0.0109375 0.028125
0 0.36171875 0.44453125 0.0171875 0.0390625
0 0.340625 0.4703125 0.015625 0.059375
0 0.328125 0.42578125 0.0140625 0.0265625
0 0.29140625 0.4515625 0.0171875 0.0390625
0 0.27109375 0.3671875 0.009375 0.0484375
0 0.30390625 0.359375 0.009375 0.0515625
0 0.23359375 0.35625 0.00625 0.0375
0 0.19140625 0.3390625 0.0109375 0.0421875
0 0.2421875 0.31640625 0.0078125 0.0171875
0 0.17265625 0.41015625 0.0140625 0.0484375
0 0.13046875 0.50078125 0.0125 0.065625
0 0.1390625 0.4921875 0.009375 0.0515625
0 0.18125 0.61640625 0.0234375 0.0890625
0 0.15390625 0.61171875 0.025 0.0859375
0 0.27734375 0.715625 0.0265625 0.0875
0 0.25625 0.7015625 0.0203125 0.0671875
0 0.70625 0.859375 0.0203125 0.096875
0 0.8421875 0.93671875 0.0234375 0.0625
0 0.93515625 0.74609375 0.021875 0.0578125
0 0.92734375 0.72421875 0.0234375 0.08125
0 0.91484375 0.71328125 0.01875 0.0734375
0 0.87578125 0.7265625 0.0265625 0.08125