0 0.21015625 0.7125 0.0265625 0.10625
0 0.40390625 0.94140625 0.03125 0.1171875
0 0.22109375 0.54609375 0.0171875 0.0921875
0 0.4265625 0.73359375 0.0234375 0.090625
0 0.1859375 0.69609375 0.021875 0.09375
0 0.24921875 0.85390625 0.03125 0.115625
0 0.828125 0.71796875 0.0265625 0.0859375
0 0.06328125 0.8421875 0.0453125 0.0984375
0 0.13046875 0.95859375 0.0453125 0.0828125
0 0.884375 0.71484375 0.025 0.0875
0 0.31484375 0.41015625 0.0078125 0.0609375
0 0.20859375 0.43046875 0.0125 0.0703125
0 0.9375 0.69765625 0.0203125 0.0640625
0 0.89765625 0.5796875 0.015625 0.071875
0 0.84296875 0.95859375 0.0296875 0.0828125
0 0.93125 0.603125 0.01875 0.0765625
0 0.0921875 0.23125 0.0109375 0.0625
0 0.875 0.76484375 0.025 0.0640625
0 0.4078125 0.37890625 0.0140625 0.0640625
0 0.0828125 0.58046875 0.0203125 0.075
0 0.3265625 0.41171875 0.0125 0.059375
0 0.028125 0.56953125 0.0171875 0.0828125
0 0.14296875 0.42890625 0.0125 0.04375
0 0.37734375 0.7328125 0.021875 0.140625
0 0.815625 0.41484375 0.0140625 0.0375
0 0.109375 0.5140625 0.0171875 0.071875
0 0.83203125 0.52109375 0.0203125 0.075
0 0.08671875 0.6984375 0.0203125 0.0859375
0 0.80625 0.71640625 0.025 0.0890625
0 0.1203125 0.675 0.0265625 0.0796875
0 0.0703125 0.709375 0.015625 0.0671875
0 0.09375 0.784375 0.034375 0.0984375
0 0.2625 0.56953125 0.015625 0.1109375
0 0.890625 0.72890625 0.021875 0.0625
0 0.9671875 0.6859375 0.0171875 0.04375
0 0.35390625 0.41328125 0.009375 0.0640625
0 0.73359375 0.365625 0.0109375 0.059375
0 0.40234375 0.73046875 0.0234375 0.10625
0 0.8875 0.5734375 0.0125 0.0703125
0 0.1640625 0.19140625 0.0109375 0.05625
0 0.246875 0.54765625 0.0125 0.08125
0 0.06015625 0.5296875 0.0140625 0.046875
0 0.671875 0.359375 0.00625 0.046875
0 0.38203125 0.334375 0.0078125 0.0578125
0 0.57265625 0.35703125 0.0125 0.025
0 0.9375 0.76484375 0.028125 0.0609375
0 0.37578125 0.33515625 0.0109375 0.0578125
0 0.28984375 0.29609375 0.0109375 0.0234375
0 0.365625 0.4171875 0.009375 0.0640625
0 0.28828125 0.4125 0.0140625 0.059375
0 0.09453125 0.53046875 0.0140625 0.0625
0 0.32890625 0.3484375 0.009375 0.05625
0 0.64296875 0.5390625 0.0171875 0.059375
0 0.5578125 0.3734375 0.0109375 0.0296875
0 0.340625 0.346875 0.009375 0.053125
0 0.26015625 0.409375 0.0109375 0.071875
0 0.0109375 0.29765625 0.0109375 0.0625
0 0.259375 0.5078125 0.0140625 0.0703125
0 0.46484375 0.34609375 0.0171875 0.0640625
0 0.4859375 0.33046875 0.0109375 0.0609375
0 0.73203125 0.5109375 0.0125 0.0828125
0 0.2203125 0.42890625 0.0109375 0.0609375
0 0.678125 0.44140625 0.015625 0.0296875
0 0.76875 0.38203125 0.0078125 0.05
0 0.64375 0.32265625 0.0109375 0.0453125
0 0.58046875 0.3796875 0.0109375 0.0265625
0 0.3546875 0.29296875 0.0125 0.0546875
0 0.9578125 0.7125 0.0171875 0.05
0 0.82734375 0.95703125 0.0453125 0.0859375
0 0.31328125 0.14609375 0.0078125 0.04375
0 0.76015625 0.47421875 0.0125 0.071875
0 0.18046875 0.18828125 0.009375 0.05625
0 0.81015625 0.20078125 0.009375 0.053125
0 0.7421875 0.365625 0.009375 0.0515625
0 0.32578125 0.31953125 0.0078125 0.05625
0 0.2984375 0.15 0.009375 0.0453125
0 0.80234375 0.35 0.009375 0.046875
0 0.2390625 0.1640625 0.0109375 0.0484375
0 0.70390625 0.390625 0.0125 0.053125
0 0.71796875 0.5109375 0.0140625 0.078125
0 0.625 0.46015625 0.0109375 0.040625
0 0.65625 0.52421875 0.0171875 0.0546875
0 0.00390625 0.30390625 0.0078125 0.0703125
0 0.990625 0.79921875 0.01875 0.0859375
0 0.24453125 0.478125 0.015625 0.065625
0 0.875 0.4953125 0.0140625 0.0640625
0 0.66796875 0.31640625 0.0078125 0.0421875
0 0.7546875 0.378125 0.0078125 0.0390625
0 0.91875 0.2703125 0.0109375 0.059375
0 0.2734375 0.48515625 0.0140625 0.0671875
0 0.66640625 0.42890625 0.0125 0.03125
0 0.9609375 0.78125 0.015625 0.0609375
0 0.27734375 0.15625 0.0078125 0.04375
0 0.4046875 0.13359375 0.009375 0.0375
0 0.26328125 0.159375 0.0078125 0.0453125
0 0.77578125 0.38046875 0.0078125 0.046875
0 0.8390625 0.209375 0.009375 0.059375
0 0.26875 0.15703125 0.0078125 0.0453125
0 0.66015625 0.4046875 0.0125 0.0296875
0 0.61171875 0.3890625 0.015625 0.05
0 0.7484375 0.4921875 0.0109375 0.046875
0 0.328125 0.4046875 0.0078125 0.053125
0 0.3046875 0.3 0.0078125 0.0453125
0 0.371875 0.134375 0.009375 0.0453125
0 0.75625 0.409375 0.009375 0.0703125
0 0.80390625 0.1984375 0.0078125 0.053125
0 0.28671875 0.153125 0.0078125 0.04375
0 0.43046875 0.28203125 0.009375 0.046875
0 0.228125 0.16953125 0.009375 0.053125
0 0.26796875 0.51328125 0.0140625 0.0734375
0 0.27421875 0.52109375 0.015625 0.0796875
0 0.628125 0.403125 0.0125 0.040625
0 0.56484375 0.5484375 0.0203125 0.05
0 0.575 0.5359375 0.015625 0.046875
0 0.6015625 0.52109375 0.0234375 0.0484375
0 0.51953125 0.2984375 0.009375 0.0296875
0 0.44375 0.56796875 0.028125 0.059375
0 0.4296875 0.55390625 0.0171875 0.0578125
0 0.97890625 0.78515625 0.021875 0.0484375
0 0.70703125 0.16875 0.009375 0.0453125
0 0.71796875 0.1671875 0.0125 0.053125
0 0.5828125 0.134375 0.00625 0.040625
0 0.5765625 0.13671875 0.0109375 0.0359375
0 0.79921875 0.0453125 0.0078125 0.0375
0 0.81171875 0.04765625 0.0125 0.0453125
0 0.8375 0.0546875 0.0078125 0.034375
0 0.85 0.05625 0.0078125 0.040625
0 0.23984375 0.0203125 0.00625 0.0375
0 0.3609375 0.14765625 0.0140625 0.028125
0 0.25546875 0.165625 0.0078125 0.0390625
0 0.1328125 0.2140625 0.009375 0.046875
0 0.1234375 0.20234375 0.00625 0.028125
0 0.7453125 0.51484375 0.021875 0.06875
0 0.70390625 0.459375 0.0125 0.0390625
0 0.71640625 0.45390625 0.0140625 0.0515625
0 0.69296875 0.36015625 0.0109375 0.05
0 0.68984375 0.35625 0.0140625 0.0515625
0 0.653125 0.32265625 0.0109375 0.0390625
0 0.4984375 0.35546875 0.0125 0.0296875
0 0.5109375 0.36015625 0.0125 0.0265625
0 0.3328125 0.3109375 0.00625 0.040625
0 0.31171875 0.3171875 0.0046875 0.046875
0 0.31796875 0.3125 0.00625 0.046875
0 0.31328125 0.29765625 0.0078125 0.046875
0 0.1890625 0.35078125 0.0078125 0.040625
0 0.18671875 0.33046875 0.009375 0.040625
0 0.08125 0.5640625 0.01875 0.0625
0 0.07109375 0.52265625 0.0234375 0.0421875
0 0.10703125 0.48125 0.0140625 0.0359375
0 0.0328125 0.55546875 0.015625 0.0703125
0 0.41640625 0.1359375 0.0078125 0.0421875
0 0.575 0.01015625 0.00625 0.0203125
0 0.58671875 0.0125 0.0109375 0.025
0 0.96875 0.721875 0.01875 0.0421875
0 0.4734375 0.30234375 0.0125 0.0234375
0 0.40234375 0.36640625 0.0078125 0.059375
0 0.31875 0.39921875 0.0109375 0.059375
0 0.28984375 0.32265625 0.0109375 0.0515625
0 0.25546875 0.40703125 0.0109375 0.0578125
0 0.2296875 0.4 0.009375 0.0375
0 0.240625 0.38828125 0.015625 0.0640625
0 0.27578125 0.4140625 0.0109375 0.065625
0 0.26171875 0.284375 0.009375 0.04375
0 0.1703125 0.1796875 0.009375 0.04375
0 0.04140625 0.246875 0.0125 0.046875
0 0.6890625 0.16171875 0.0125 0.04375
0 0.69765625 0.16328125 0.009375 0.0453125
0 0.72734375 0.165625 0.0109375 0.0453125
0 0.5640625 0.409375 0.0109375 0.0265625
0 0.5734375 0.41015625 0.0109375 0.028125
0 0.6171875 0.43984375 0.01875 0.0390625
0 0.63828125 0.465625 0.015625 0.059375
0 0.6515625 0.4203125 0.0140625 0.0265625
0 0.68828125 0.446875 0.0171875 0.0390625
0 0.709375 0.3609375 0.009375 0.0484375
0 0.67578125 0.353125 0.0109375 0.0515625
0 0.746875 0.35 0.00625 0.0390625
0 0.78984375 0.3328125 0.0109375 0.0421875
0 0.73828125 0.309375 0.0078125 0.0171875
0 0.80859375 0.4046875 0.015625 0.05
0 0.85078125 0.496875 0.0125 0.0671875
0 0.84296875 0.48828125 0.009375 0.053125
0 0.8 0.61328125 0.0234375 0.090625
0 0.828125 0.609375 0.025 0.0859375
0 0.990625 0.834375 0.01875 0.05625
0 0.70234375 0.7140625 0.0265625 0.0890625
0 0.7234375 0.7 0.0203125 0.06875
0 0.26796875 0.859375 0.0203125 0.0984375
0 0.13125 0.9375 0.025 0.0625
0 0.03671875 0.74453125 0.021875 0.059375
0 0.0453125 0.72265625 0.025 0.0828125
0 0.0578125 0.71171875 0.01875 0.0734375
0 0.09765625 0.725 0.0265625 0.0828125