0 0.7359375 0.74609375 0.028125 0.1328125
0 0.71640625 0.60546875 0.0265625 0.0875
0 0.7578125 0.7140625 0.0203125 0.090625
0 0.12578125 0.6140625 0.025 0.0734375
0 0.91875 0.83359375 0.04375 0.0953125
0 0.08203125 0.73203125 0.025 0.0828125
0 0.63203125 0.4328125 0.0109375 0.06875
0 0.7328125 0.46328125 0.0125 0.0671875
0 0.03046875 0.71640625 0.01875 0.0609375
0 0.07265625 0.5515625 0.0171875 0.0671875
0 0.01640625 0.675 0.0203125 0.065625
0 0.8484375 0.2640625 0.0109375 0.0609375
0 0.09140625 0.7734375 0.0234375 0.078125
0 0.54375 0.4046875 0.0125 0.0625
0 0.621875 0.4390625 0.0109375 0.0578125
0 0.9171875 0.59921875 0.0171875 0.08125
0 0.8 0.45546875 0.0125 0.0421875
0 0.12734375 0.553125 0.015625 0.0703125
0 0.85390625 0.71640625 0.0203125 0.0828125
0 0.865625 0.7390625 0.025 0.0890625
0 0.671875 0.59375 0.0203125 0.0859375
0 0.07578125 0.74609375 0.0203125 0.0609375
0 0.00546875 0.70390625 0.0109375 0.0421875
0 0.57578125 0.43671875 0.009375 0.0625
0 0.2359375 0.39140625 0.0078125 0.05
0 0.77890625 0.22578125 0.0109375 0.0546875
0 0.69453125 0.60546875 0.0234375 0.0859375
0 0.8796875 0.553125 0.0140625 0.0453125
0 0.2875 0.3890625 0.00625 0.0453125
0 0.56875 0.3640625 0.009375 0.0546875
0 0.38359375 0.3859375 0.0125 0.0234375
0 0.03125 0.78046875 0.028125 0.059375
0 0.57421875 0.36484375 0.0109375 0.0546875
0 0.653125 0.35234375 0.0109375 0.0421875
0 0.5859375 0.44140625 0.009375 0.0625
0 0.846875 0.5796875 0.0234375 0.0796875
0 0.61953125 0.37734375 0.009375 0.0546875
0 0.315625 0.5625 0.015625 0.05625
0 0.3984375 0.40234375 0.0109375 0.0296875
0 0.60859375 0.3765625 0.0078125 0.05
0 0.92734375 0.32890625 0.009375 0.0609375
0 0.6796875 0.54375 0.0203125 0.090625
0 0.5 0.37109375 0.0125 0.0609375
0 0.46953125 0.36484375 0.0109375 0.059375
0 0.721875 0.46875 0.0109375 0.059375
0 0.28203125 0.4671875 0.015625 0.0296875
0 0.1453125 0.4875 0.0109375 0.059375
0 0.315625 0.353125 0.0109375 0.04375
0 0.3765625 0.4078125 0.009375 0.025
0 0.01171875 0.7296875 0.0171875 0.0484375
0 0.634375 0.18203125 0.0078125 0.040625
0 0.19453125 0.52109375 0.01875 0.0671875
0 0.76328125 0.2234375 0.009375 0.0546875
0 0.1546875 0.23515625 0.0078125 0.05
0 0.24140625 0.40390625 0.009375 0.0484375
0 0.64921875 0.1859375 0.009375 0.0453125
0 0.70625 0.19921875 0.0109375 0.046875
0 0.25859375 0.415625 0.009375 0.0453125
0 0.3296875 0.48671875 0.015625 0.0390625
0 0.303125 0.54765625 0.015625 0.0515625
0 0.9359375 0.334375 0.0109375 0.06875
0 0.70546875 0.52734375 0.015625 0.0703125
0 0.29140625 0.3453125 0.00625 0.040625
0 0.20625 0.409375 0.0078125 0.0390625
0 0.059375 0.2953125 0.009375 0.0578125
0 0.29296875 0.45546875 0.0109375 0.03125
0 0.00859375 0.796875 0.015625 0.059375
0 0.66953125 0.19140625 0.0078125 0.0421875
0 0.54609375 0.1703125 0.0078125 0.0375
0 0.6828125 0.19453125 0.0078125 0.04375
0 0.1875 0.409375 0.0078125 0.0453125
0 0.1390625 0.23203125 0.0125 0.046875
0 0.67734375 0.19296875 0.0078125 0.0453125
0 0.29921875 0.4328125 0.0125 0.028125
0 0.34609375 0.4171875 0.0140625 0.0484375
0 0.22265625 0.54765625 0.009375 0.065625
0 0.61328125 0.43203125 0.0078125 0.0515625
0 0.64765625 0.32734375 0.0078125 0.04375
0 0.16015625 0.2328125 0.0078125 0.05
0 0.6609375 0.1890625 0.0078125 0.0421875
0 0.52109375 0.31328125 0.009375 0.046875
0 0.7171875 0.2046875 0.009375 0.0515625
0 0.33046875 0.43125 0.0109375 0.0390625
0 0.39140625 0.57109375 0.0203125 0.046875
0 0.38125 0.55859375 0.015625 0.0453125
0 0.35546875 0.5453125 0.021875 0.046875
0 0.43515625 0.32890625 0.009375 0.0296875
0 0.50859375 0.590625 0.0265625 0.059375
0 0.521875 0.5765625 0.0171875 0.05625
0 0.25390625 0.2046875 0.009375 0.0453125
0 0.22578125 0.21171875 0.0078125 0.0453125
0 0.37421875 0.17109375 0.00625 0.040625
0 0.3796875 0.1734375 0.0109375 0.0328125
0 0.16484375 0.084375 0.00625 0.0359375
0 0.153125 0.08671875 0.0125 0.04375
0 0.128125 0.09375 0.0078125 0.0328125
0 0.115625 0.09453125 0.0078125 0.040625
0 0.70625 0.06015625 0.00625 0.0359375
0 0.690625 0.20078125 0.0078125 0.0375
0 0.809375 0.24765625 0.009375 0.0453125
0 0.81875 0.23671875 0.00625 0.028125
0 0.22734375 0.55546875 0.0109375 0.0578125
0 0.25703125 0.48515625 0.0140625 0.0375
0 0.24453125 0.4796875 0.0140625 0.05
0 0.2671875 0.3890625 0.0109375 0.0484375
0 0.27109375 0.38515625 0.0140625 0.05
0 0.30546875 0.353125 0.0109375 0.0375
0 0.45625 0.384375 0.0125 0.028125
0 0.44375 0.3890625 0.0125 0.025
0 0.61484375 0.34140625 0.0046875 0.0390625
0 0.63671875 0.34765625 0.0046875 0.046875
0 0.63046875 0.34375 0.00625 0.0453125
0 0.63515625 0.32890625 0.0078125 0.0453125
0 0.7609375 0.3609375 0.0078125 0.0390625
0 0.859375 0.58671875 0.0171875 0.059375
0 0.86875 0.546875 0.0234375 0.040625
0 0.83671875 0.5078125 0.015625 0.034375
0 0.909375 0.5921875 0.021875 0.065625
0 0.53515625 0.171875 0.0078125 0.040625
0 0.38125 0.04375 0.00625 0.034375
0 0.3703125 0.04609375 0.0109375 0.0375
0 0.0046875 0.7390625 0.009375 0.0390625
0 0.48046875 0.33359375 0.0109375 0.0234375
0 0.5375 0.39140625 0.009375 0.05625
0 0.63828125 0.4375 0.0109375 0.0578125
0 0.70859375 0.3875 0.0125 0.0546875
0 0.71015625 0.46640625 0.0140625 0.0625
0 0.69375 0.3578125 0.009375 0.040625
0 0.89765625 0.27890625 0.0125 0.0453125
0 0.27109375 0.196875 0.0125 0.0421875
0 0.2625 0.1984375 0.0078125 0.04375
0 0.234375 0.20078125 0.0109375 0.04375
0 0.3921875 0.43671875 0.009375 0.0265625
0 0.3828125 0.4375 0.0109375 0.028125
0 0.340625 0.46640625 0.01875 0.0390625
0 0.3203125 0.49140625 0.015625 0.0578125
0 0.3078125 0.44765625 0.0140625 0.0265625
0 0.271875 0.47265625 0.0171875 0.0375
0 0.25546875 0.390625 0.009375 0.0484375
0 0.284375 0.3828125 0.009375 0.05
0 0.20546875 0.396875 0.00625 0.0375
0 0.17734375 0.3765625 0.0109375 0.0375
0 0.09375 0.55 0.0203125 0.0671875
0 0.12265625 0.5203125 0.0125 0.0625
0 0.16796875 0.56953125 0.0140625 0.075
0 0.18671875 0.63515625 0.025 0.0828125
0 0.26328125 0.7171875 0.025 0.0859375
0 0.24921875 0.7171875 0.0203125 0.0671875
0 0.8390625 0.73125 0.025 0.078125
0 0.35078125 0.85234375 0.034375 0.096875
0 0.321875 0.81171875 0.028125 0.0890625
0 0.3296875 0.875 0.0265625 0.078125
0 0.39921875 0.99609375 0.0203125 0.0078125
0 0.09921875 0.55078125 0.0171875 0.071875
0 0.0390625 0.7109375 0.0203125 0.0546875
0 0.0890625 0.62109375 0.0234375 0.0765625
0 0.025 0.653125 0.0265625 0.0609375
0 0.734375 0.55546875 0.015625 0.0859375
0 0.74921875 0.60625 0.0203125 0.0875
0 0.6984375 0.50078125 0.015625 0.0609375
0 0.6875 0.340625 0.009375 0.046875
0 0.66484375 0.33984375 0.0046875 0.05
0 0.66328125 0.3234375 0.0046875 0.0375
0 0.2125 0.41015625 0.0125 0.0453125
0 0.78828125 0.3859375 0.0046875 0.05
0 0.278125 0.6296875 0.0296875 0.0828125
0 0.21796875 0.5984375 0.0203125 0.078125
0 0.28828125 0.88984375 0.034375 0.115625
0 0.3765625 0.93359375 0.028125 0.0953125
0 0.10859375 0.7640625 0.021875 0.0796875
0 0.17578125 0.6625 0.028125 0.0828125
0 0.115625 0.7546875 0.025 0.0984375
0 0.11875 0.65859375 0.03125 0.0796875
0 0.10234375 0.6765625 0.0234375 0.0734375
0 0.16796875 0.3796875 0.009375 0.0421875
0 0.81640625 0.74921875 0.028125 0.1046875
0 0.6765625 0.3640625 0.0078125 0.046875
0 0.1875 0.59453125 0.021875 0.065625
0 0.18671875 0.52890625 0.0171875 0.0875
0 0.18203125 0.559375 0.0140625 0.0625
0 0.1328125 0.51328125 0.0140625 0.0609375
0 0.30625 0.84453125 0.025 0.078125
0 0.0875 0.97421875 0.034375 0.0515625
0 0.06796875 0.96953125 0.0453125 0.0609375
0 0.21875 0.5375 0.0140625 0.0671875
0 0.23125 0.5515625 0.0109375 0.0546875
0 0.25 0.41640625 0.0078125 0.046875
0 0.33203125 0.34453125 0.009375 0.04375
0 0.28203125 0.30703125 0.0078125 0.0328125
0 0.38359375 0.3453125 0.0078125 0.0296875
0 0.37421875 0.340625 0.0109375 0.046875
0 0.6765625 0.3421875 0.0078125 0.0390625
0 0.70390625 0.34921875 0.0078125 0.04375
0 0.67578125 0.49609375 0.0109375 0.040625
0 0.70234375 0.5125 0.015625 0.078125
0 0.684375 0.31328125 0.0078125 0.021875
0 0.6953125 0.31328125 0.00625 0.0390625
0 0.7515625 0.36484375 0.0046875 0.0359375
0 0.87890625 0.28046875 0.0125 0.053125
0 0.85859375 0.26953125 0.0078125 0.05
0 0.909375 0.29921875 0.0125 0.06875
0 0.14921875 0.22890625 0.0109375 0.05
0 0.04765625 0.7546875 0.0328125 0.0796875
0 0.0328125 0.70078125 0.00625 0.03125