0 0.30859375 0.925 0.0328125 0.1328125
0 0.06328125 0.97421875 0.028125 0.0515625
0 0.75625 0.68515625 0.0234375 0.109375
0 0.12421875 0.6828125 0.0234375 0.0984375
0 0.1421875 0.63671875 0.025 0.09375
0 0.73203125 0.7015625 0.028125 0.115625
0 0.62109375 0.8140625 0.028125 0.1046875
0 0.1859375 0.91796875 0.0453125 0.1203125
0 0.1015625 0.4546875 0.015625 0.0703125
0 0.18203125 0.571875 0.0203125 0.0890625
0 0.90859375 0.81015625 0.0296875 0.0984375
0 0.871875 0.71171875 0.0265625 0.090625
0 0.6828125 0.83671875 0.028125 0.103125
0 0.71953125 0.5296875 0.0140625 0.090625
0 0.1578125 0.5671875 0.021875 0.0953125
0 0.8375 0.69375 0.0265625 0.090625
0 0.0515625 0.7484375 0.028125 0.071875
0 0.81328125 0.61015625 0.0234375 0.1015625
0 0.05859375 0.61796875 0.015625 0.0828125
0 0.85703125 0.6875 0.0234375 0.0828125
0 0.459375 0.84765625 0.025 0.1234375
0 0.33671875 0.278125 0.0109375 0.053125
0 0.85 0.53671875 0.0203125 0.08125
0 0.9203125 0.5515625 0.025 0.0703125
0 0.7078125 0.478125 0.0125 0.084375
0 0.428125 0.79453125 0.028125 0.121875
0 0.1578125 0.91484375 0.028125 0.109375
0 0.03359375 0.69296875 0.01875 0.0640625
0 0.04765625 0.578125 0.0203125 0.0734375
0 0.13046875 0.4296875 0.015625 0.0609375
0 0.853125 0.20078125 0.0140625 0.0625
0 0.83984375 0.45703125 0.015625 0.04375
0 0.6265625 0.3765625 0.0109375 0.0703125
0 0.19765625 0.48671875 0.0125 0.0875
0 0.55625 0.31171875 0.009375 0.065625
0 0.678125 0.50625 0.0140625 0.0859375
0 0.009375 0.60859375 0.0171875 0.0625
0 0.4125 0.7671875 0.0203125 0.10625
0 0.6546875 0.8453125 0.0203125 0.0828125
0 0.5328125 0.33125 0.0125 0.0625
0 0.47890625 0.3109375 0.0125 0.071875
0 0.79140625 0.16328125 0.009375 0.0625
0 0.79921875 0.415625 0.0140625 0.065625
0 0.44609375 0.30390625 0.0109375 0.059375
0 0.93828125 0.27421875 0.0125 0.0734375
0 0.1671875 0.47578125 0.0140625 0.08125
0 0.7640625 0.15390625 0.009375 0.0546875
0 0.390625 0.29375 0.0109375 0.0703125
0 0.05859375 0.5 0.0140625 0.0671875
0 0.67734375 0.30859375 0.009375 0.0546875
0 0.61171875 0.3234375 0.009375 0.0609375
0 0.2609375 0.3234375 0.0109375 0.0609375
0 0.60390625 0.38046875 0.009375 0.0625
0 0.3609375 0.2796875 0.009375 0.0546875
0 0.11796875 0.37734375 0.009375 0.0625
0 0.73125 0.4171875 0.009375 0.0640625
0 0.8671875 0.54296875 0.0203125 0.071875
0 0.77890625 0.15859375 0.009375 0.0578125
0 0.6734375 0.1234375 0.009375 0.0515625
0 0.275 0.50625 0.0203125 0.0625
0 0.56171875 0.30859375 0.0109375 0.0625
0 0.88671875 0.51875 0.0140625 0.04375
0 0.353125 0.36328125 0.0125 0.053125
0 0.6125 0.3765625 0.0078125 0.06875
0 0.140625 0.4109375 0.0140625 0.06875
0 0.9984375 0.30390625 0.003125 0.0625
0 0.0234375 0.60234375 0.01875 0.0671875
0 0.71875 0.41640625 0.009375 0.065625
0 0.30078125 0.43125 0.0140625 0.0546875
0 0.1 0.1640625 0.0046875 0.05
0 0.07734375 0.49765625 0.0125 0.06875
0 0.69296875 0.48984375 0.0125 0.0796875
0 0.3578125 0.33515625 0.0109375 0.046875
0 0.6984375 0.4578125 0.0140625 0.0828125
0 0.8078125 0.43828125 0.0140625 0.0875
0 0.60078125 0.3203125 0.009375 0.0578125
0 0.50625 0.34453125 0.0125 0.05625
0 0.64453125 0.2921875 0.0109375 0.0453125
0 0.29453125 0.2890625 0.0078125 0.04375
0 0.7109375 0.41484375 0.0125 0.0640625
0 0.3078125 0.42578125 0.0140625 0.0546875
0 0.71796875 0.1328125 0.0109375 0.05625
0 0.64296875 0.1171875 0.009375 0.0453125
0 0.2125 0.35078125 0.0125 0.059375
0 0.61640625 0.28828125 0.0078125 0.0578125
0 0.06796875 0.49296875 0.0125 0.071875
0 0.6265625 0.11328125 0.009375 0.0453125
0 0.7 0.3046875 0.0125 0.0546875
0 0.3640625 0.3609375 0.0109375 0.0515625
0 0.30390625 0.37734375 0.0125 0.05
0 0.25 0.3203125 0.0109375 0.059375
0 0.540625 0.2546875 0.0078125 0.053125
0 0.3171875 0.3515625 0.0109375 0.034375
0 0.28359375 0.5265625 0.0234375 0.046875
0 0.3171875 0.28046875 0.009375 0.05
0 0.171875 0.340625 0.0078125 0.04375
0 0.15703125 0.35234375 0.009375 0.0453125
0 0.22109375 0.35078125 0.0125 0.053125
0 0.2390625 0.33671875 0.0125 0.0640625
0 0.734375 0.5046875 0.0109375 0.0890625
0 0.6921875 0.12890625 0.0078125 0.05
0 0.28125 0.29453125 0.009375 0.0375
0 0.51953125 0.3078125 0.0109375 0.0703125
0 0.1515625 0.3515625 0.0078125 0.0515625
0 0.22421875 0.446875 0.0125 0.0609375
0 0.26875 0.375 0.015625 0.025
0 0.33828125 0.3546875 0.0125 0.0453125
0 0.62265625 0.28984375 0.0078125 0.0609375
0 0.56875 0.3828125 0.009375 0.0671875
0 0.17109375 0.43671875 0.009375 0.053125
0 0.253125 0.41171875 0.0125 0.05625
0 0.1921875 0.35859375 0.0109375 0.0421875
0 0.190625 0.49140625 0.0140625 0.0859375
0 0.621875 0.378125 0.0078125 0.0734375
0 0.46171875 0.27421875 0.009375 0.0375
0 0.75 0.14921875 0.009375 0.053125
0 0.17734375 0.3484375 0.009375 0.0453125
0 0.70234375 0.13046875 0.009375 0.0515625
0 0.57890625 0.3859375 0.0125 0.0640625
0 0.240625 0.4109375 0.0125 0.05625
0 0.290625 0.43984375 0.015625 0.0578125
0 0.659375 0.125 0.009375 0.053125
0 0.1140625 0.16875 0.009375 0.05625
0 0.67109375 0.46484375 0.015625 0.071875
0 0.41484375 0.2703125 0.0125 0.0265625
0 0.3640625 0.521875 0.0203125 0.05
0 0.49453125 0.546875 0.01875 0.059375
0 0.51171875 0.53203125 0.015625 0.04375
0 0.35546875 0.51171875 0.0125 0.0390625
0 0.3359375 0.50390625 0.021875 0.0578125
0 0.4359375 0.328125 0.0125 0.028125
0 0.42421875 0.334375 0.0109375 0.025
0 0.60546875 0.28359375 0.0078125 0.046875
0 0.6625 0.303125 0.0125 0.0515625
0 0.6640625 0.26875 0.0078125 0.046875
0 0.64296875 0.26640625 0.0109375 0.04375
0 0.64921875 0.27265625 0.0109375 0.03125
0 0.67421875 0.24921875 0.009375 0.0390625
0 0.6890625 0.26796875 0.0078125 0.0453125
0 0.87734375 0.5 0.01875 0.040625
0 0.928125 0.56328125 0.015625 0.0765625
0 0.621875 0.846875 0.0265625 0.0828125
0 0.67578125 0.896875 0.034375 0.0796875
0 0.2640625 0.41015625 0.0140625 0.0359375
0 0.278125 0.39453125 0.015625 0.0265625
0 0.21328125 0.4296875 0.0140625 0.059375
0 0.22265625 0.3328125 0.0125 0.053125
0 0.23828125 0.32734375 0.0140625 0.0546875
0 0.259375 0.290625 0.0078125 0.04375
0 0.26328125 0.26875 0.0078125 0.03125
0 0.27265625 0.29765625 0.00625 0.0328125
0 0.76015625 0.30390625 0.0078125 0.0375
0 0.53203125 0.1015625 0.009375 0.0421875
0 0.5203125 0.10234375 0.009375 0.0421875
0 0.68515625 0.1296875 0.0109375 0.05
0 0.66875 0.12421875 0.00625 0.0453125
0 0.36015625 0.1015625 0.0125 0.0453125
0 0.35 0.10390625 0.0078125 0.0421875
0 0.95234375 0.2875 0.015625 0.0640625
0 0.94921875 0.23828125 0.0078125 0.0359375