0 0.22265625 0.70546875 0.03125 0.14375
0 0.24375 0.55390625 0.028125 0.09375
0 0.1984375 0.67109375 0.021875 0.0984375
0 0.8796875 0.5640625 0.0265625 0.078125
0 0.02578125 0.79921875 0.046875 0.1015625
0 0.9265625 0.690625 0.0265625 0.090625
0 0.334375 0.36875 0.0109375 0.0734375
0 0.22578125 0.4015625 0.0125 0.0734375
0 0.98203125 0.6734375 0.0203125 0.065625
0 0.9375 0.49609375 0.01875 0.071875
0 0.99375 0.62890625 0.0125 0.071875
0 0.1015625 0.1875 0.0125 0.0640625
0 0.91640625 0.734375 0.025 0.084375
0 0.4296875 0.33828125 0.0140625 0.0671875
0 0.34609375 0.37578125 0.0125 0.0609375
0 0.02734375 0.54765625 0.01875 0.0859375
0 0.15390625 0.39296875 0.0140625 0.0453125
0 0.878125 0.49765625 0.0171875 0.0765625
0 0.0953125 0.6734375 0.021875 0.090625
0 0.08359375 0.69765625 0.028125 0.096875
0 0.2921875 0.54140625 0.021875 0.090625
0 0.93359375 0.70546875 0.0234375 0.065625
0 0.3953125 0.37265625 0.0109375 0.0671875
0 0.76171875 0.32421875 0.0078125 0.0546875
0 0.17578125 0.14609375 0.0109375 0.0578125
0 0.2671875 0.5546875 0.025 0.0921875
0 0.06796875 0.4984375 0.0140625 0.05
0 0.70546875 0.32109375 0.00625 0.0484375
0 0.403125 0.29453125 0.009375 0.0609375
0 0.60234375 0.31796875 0.0125 0.025
0 0.98203125 0.7421875 0.0296875 0.0640625
0 0.396875 0.2953125 0.0125 0.0609375
0 0.31171875 0.28203125 0.0109375 0.046875
0 0.384375 0.378125 0.009375 0.0671875
0 0.103125 0.5265625 0.025 0.0859375
0 0.34765625 0.309375 0.0109375 0.059375
0 0.675 0.5078125 0.015625 0.0609375
0 0.58671875 0.33515625 0.0109375 0.03125
0 0.36015625 0.3078125 0.009375 0.0546875
0 0.01640625 0.25625 0.009375 0.065625
0 0.2828125 0.4875 0.021875 0.096875
0 0.4765625 0.3015625 0.0125 0.065625
0 0.51015625 0.2953125 0.0109375 0.0625
0 0.2375 0.40703125 0.0109375 0.0625
0 0.71171875 0.40546875 0.015625 0.03125
0 0.85859375 0.42734375 0.0125 0.0625
0 0.67578125 0.2828125 0.0125 0.046875
0 0.609375 0.3421875 0.0109375 0.028125
0 0.996875 0.68828125 0.00625 0.0515625
0 0.33203125 0.09921875 0.009375 0.0453125
0 0.80546875 0.46328125 0.0203125 0.071875
0 0.19296875 0.14296875 0.009375 0.0578125
0 0.84921875 0.15546875 0.009375 0.053125
0 0.75546875 0.3375 0.009375 0.053125
0 0.315625 0.10234375 0.0109375 0.0484375
0 0.2546875 0.1171875 0.0109375 0.0515625
0 0.7375 0.35 0.0109375 0.0484375
0 0.66015625 0.4265625 0.0171875 0.0421875
0 0.6890625 0.4921875 0.01875 0.05625
0 0.0078125 0.2625 0.0125 0.075
0 0.25546875 0.4703125 0.0171875 0.075
0 0.7015625 0.275 0.0078125 0.04375
0 0.79375 0.34375 0.0078125 0.0421875
0 0.9515625 0.2203125 0.0109375 0.0625
0 0.7 0.39296875 0.0125 0.0328125
0 0.29453125 0.10859375 0.0078125 0.0453125
0 0.4265625 0.0859375 0.009375 0.040625
0 0.2796875 0.1125 0.0078125 0.046875
0 0.81328125 0.34296875 0.0078125 0.05
0 0.865625 0.15234375 0.0140625 0.05
0 0.2859375 0.11015625 0.0078125 0.0484375
0 0.69296875 0.36796875 0.0125 0.03125
0 0.64296875 0.3515625 0.015625 0.0515625
0 0.77578125 0.4921875 0.0109375 0.0703125
0 0.3546875 0.36796875 0.0078125 0.0546875
0 0.31796875 0.2546875 0.0078125 0.046875
0 0.84296875 0.153125 0.009375 0.053125
0 0.30390625 0.10625 0.0078125 0.0453125
0 0.45390625 0.23984375 0.009375 0.05
0 0.2421875 0.1234375 0.009375 0.05625
0 0.659375 0.36640625 0.0125 0.0421875
0 0.59375 0.5171875 0.021875 0.0515625
0 0.6046875 0.50390625 0.015625 0.0484375
0 0.63203125 0.4890625 0.0234375 0.05
0 0.546875 0.25703125 0.0109375 0.03125
0 0.4671875 0.53828125 0.028125 0.0625
0 0.453125 0.5234375 0.01875 0.059375
0 0.7421875 0.12265625 0.009375 0.0484375
0 0.771875 0.13046875 0.0078125 0.0484375
0 0.6125 0.08671875 0.00625 0.04375
0 0.60625 0.0890625 0.0125 0.0359375
0 0.83828125 0.00625 0.0078125 0.0125
0 0.85078125 0.009375 0.0125 0.01875
0 0.878125 0.0109375 0.0078125 0.021875
0 0.890625 0.01328125 0.0078125 0.0265625
0 0.271875 0.11875 0.0078125 0.040625
0 0.14375 0.16875 0.009375 0.0484375
0 0.13359375 0.1578125 0.00625 0.0296875
0 0.7703125 0.50078125 0.0125 0.0625
0 0.7390625 0.42421875 0.0140625 0.040625
0 0.7515625 0.41953125 0.015625 0.053125
0 0.72734375 0.321875 0.0125 0.053125
0 0.7234375 0.3171875 0.015625 0.0546875
0 0.6859375 0.28203125 0.0109375 0.040625
0 0.52421875 0.31640625 0.0125 0.0296875
0 0.5375 0.321875 0.0125 0.0265625
0 0.353125 0.2703125 0.00625 0.04375
0 0.3296875 0.2765625 0.0046875 0.05
0 0.33671875 0.27265625 0.0078125 0.0484375
0 0.33125 0.25625 0.0078125 0.0484375
0 0.19609375 0.290625 0.009375 0.04375
0 0.08984375 0.534375 0.01875 0.065625
0 0.0796875 0.490625 0.025 0.04375
0 0.1140625 0.44921875 0.015625 0.0375
0 0.0359375 0.53984375 0.0234375 0.0703125
0 0.4390625 0.08828125 0.0078125 0.04375
0 0.4984375 0.26171875 0.0125 0.0265625
0 0.43671875 0.32421875 0.009375 0.0609375
0 0.328125 0.3734375 0.0109375 0.0625
0 0.25234375 0.31953125 0.0140625 0.0578125
0 0.25 0.4046875 0.015625 0.0671875
0 0.26796875 0.28828125 0.0078125 0.0453125
0 0.0484375 0.203125 0.0125 0.0484375
0 0.7234375 0.11484375 0.0125 0.0453125
0 0.73203125 0.11640625 0.009375 0.046875
0 0.7625 0.11875 0.0109375 0.046875
0 0.59296875 0.37265625 0.0109375 0.028125
0 0.603125 0.3734375 0.0109375 0.0296875
0 0.6484375 0.4046875 0.01875 0.040625
0 0.6703125 0.43125 0.0171875 0.0625
0 0.68359375 0.384375 0.0140625 0.028125
0 0.72265625 0.41171875 0.01875 0.040625
0 0.740625 0.32265625 0.009375 0.0515625
0 0.709375 0.3140625 0.0109375 0.053125
0 0.79453125 0.3296875 0.0078125 0.0390625
0 0.82421875 0.3078125 0.0125 0.040625
0 0.9140625 0.49453125 0.0203125 0.0734375
0 0.88359375 0.4625 0.0125 0.06875
0 0.834375 0.515625 0.015625 0.0828125
0 0.81484375 0.58671875 0.0265625 0.090625
0 0.73203125 0.67421875 0.028125 0.0921875
0 0.746875 0.67421875 0.0203125 0.071875
0 0.11171875 0.6890625 0.028125 0.0859375
0 0.6375 0.81953125 0.0375 0.1046875
0 0.66875 0.77578125 0.0296875 0.096875
0 0.66015625 0.84453125 0.028125 0.084375
0 0.58515625 0.98515625 0.0203125 0.0296875
0 0.90859375 0.49609375 0.01875 0.078125
0 0.9734375 0.66796875 0.021875 0.0578125
0 0.91953125 0.57109375 0.0265625 0.0828125
0 0.9875 0.6046875 0.025 0.065625
0 0.225 0.5 0.0171875 0.0921875
0 0.20859375 0.5546875 0.021875 0.09375
0 0.26328125 0.44140625 0.015625 0.065625
0 0.27421875 0.26953125 0.0109375 0.0515625
0 0.3 0.26875 0.00625 0.053125
0 0.3015625 0.25078125 0.00625 0.0390625
0 0.78671875 0.34453125 0.0125 0.05
0 0.16640625 0.31796875 0.00625 0.053125
0 0.715625 0.58046875 0.03125 0.0875
0 0.78046875 0.54609375 0.0203125 0.0828125
0 0.7046875 0.86015625 0.0359375 0.125
0 0.61015625 0.90703125 0.0296875 0.1015625
0 0.8984375 0.725 0.025 0.0859375
0 0.82578125 0.615625 0.0296875 0.0890625
0 0.89140625 0.71484375 0.0265625 0.1046875
0 0.8875 0.6109375 0.034375 0.084375
0 0.90546875 0.63046875 0.025 0.0796875
0 0.83515625 0.31171875 0.0109375 0.0453125
0 0.1359375 0.70859375 0.0296875 0.1125
0 0.28671875 0.29453125 0.009375 0.0515625
0 0.81328125 0.5421875 0.0234375 0.0703125
0 0.8140625 0.471875 0.0203125 0.09375
0 0.81953125 0.50546875 0.0140625 0.0671875
0 0.87265625 0.4546875 0.015625 0.065625
0 0.68515625 0.81171875 0.0265625 0.0828125
0 0.921875 0.96171875 0.0375 0.0765625
0 0.9421875 0.95546875 0.0484375 0.0859375
0 0.7796875 0.48125 0.015625 0.0734375
0 0.76640625 0.49609375 0.0125 0.059375
0 0.74609375 0.35078125 0.0078125 0.05
0 0.6578125 0.2734375 0.0109375 0.046875
0 0.71171875 0.23359375 0.0078125 0.0359375
0 0.60234375 0.27421875 0.0078125 0.03125
0 0.61171875 0.26875 0.0125 0.0515625
0 0.28671875 0.27109375 0.0078125 0.040625
0 0.25703125 0.278125 0.0078125 0.046875
0 0.2875 0.43671875 0.0125 0.04375
0 0.25859375 0.4546875 0.01875 0.084375
0 0.278125 0.23984375 0.0078125 0.0234375
0 0.26640625 0.23984375 0.00625 0.0421875
0 0.20546875 0.2953125 0.0046875 0.0390625
0 0.06875 0.2046875 0.0140625 0.0578125
0 0.090625 0.19296875 0.009375 0.0546875
0 0.0359375 0.225 0.0125 0.0734375
0 0.8546875 0.14921875 0.0125 0.053125
0 0.9640625 0.71484375 0.0359375 0.0859375
0 0.98046875 0.65703125 0.0078125 0.0328125