0 0.26015625 0.75390625 0.0265625 0.1046875
0 0.70859375 0.88125 0.0296875 0.10625
0 0.73515625 0.88046875 0.021875 0.0828125
0 0.453125 0.96171875 0.0328125 0.0765625
0 0.27109375 0.58828125 0.015625 0.090625
0 0.471875 0.76015625 0.021875 0.09375
0 0.2359375 0.7375 0.021875 0.09375
0 0.3609375 0.89921875 0.0234375 0.1
0 0.83046875 0.83125 0.03125 0.121875
0 0.1140625 0.8828125 0.04375 0.096875
0 0.20078125 0.978125 0.0453125 0.04375
0 0.8453125 0.50703125 0.0125 0.06875
0 0.9171875 0.7578125 0.025 0.0859375
0 0.3640625 0.453125 0.0078125 0.0609375
0 0.25859375 0.4734375 0.0125 0.06875
0 0.98359375 0.73984375 0.0203125 0.0625
0 0.94375 0.621875 0.015625 0.0703125
0 0.88984375 0.978125 0.0296875 0.04375
0 0.97421875 0.6453125 0.025 0.078125
0 0.23125 0.44765625 0.0140625 0.0703125
0 0.14296875 0.275 0.0109375 0.0625
0 0.92578125 0.80625 0.021875 0.059375
0 0.44921875 0.415625 0.0140625 0.071875
0 0.1328125 0.62265625 0.0203125 0.075
0 0.37578125 0.45546875 0.0125 0.059375
0 0.07890625 0.61171875 0.0171875 0.0828125
0 0.19296875 0.471875 0.0125 0.04375
0 0.43359375 0.7734375 0.021875 0.140625
0 0.8671875 0.459375 0.009375 0.065625
0 0.17109375 0.5359375 0.0171875 0.0703125
0 0.875 0.56171875 0.0203125 0.075
0 0.1375 0.73984375 0.0203125 0.0859375
0 0.89375 0.6875 0.025 0.0890625
0 0.15234375 0.759375 0.0265625 0.0796875
0 0.12109375 0.75078125 0.015625 0.0671875
0 0.14453125 0.825 0.034375 0.0984375
0 0.2421875 0.2234375 0.009375 0.053125
0 0.31171875 0.61171875 0.015625 0.1109375
0 0.93671875 0.7703125 0.021875 0.0625
0 0.06328125 0.6734375 0.021875 0.0765625
0 0.403125 0.45625 0.009375 0.0640625
0 0.77734375 0.40859375 0.0109375 0.059375
0 0.4484375 0.76953125 0.0265625 0.103125
0 0.93359375 0.615625 0.0125 0.06875
0 0.8796875 0.5015625 0.0109375 0.059375
0 0.2140625 0.2359375 0.0109375 0.05625
0 0.296875 0.58984375 0.0125 0.08125
0 0.1109375 0.57265625 0.0140625 0.046875
0 0.71796875 0.39765625 0.0109375 0.059375
0 0.43046875 0.378125 0.009375 0.0578125
0 0.61953125 0.41328125 0.0125 0.0515625
0 0.06796875 0.8765625 0.03125 0.08125
0 0.46640625 0.384375 0.0140625 0.0546875
0 0.9828125 0.80546875 0.028125 0.0609375
0 0.425 0.378125 0.0109375 0.0578125
0 0.3390625 0.33984375 0.009375 0.0234375
0 0.41484375 0.46015625 0.0109375 0.0640625
0 0.3453125 0.3984375 0.0109375 0.059375
0 0.15859375 0.55703125 0.015625 0.040625
0 0.378125 0.39140625 0.009375 0.05625
0 0.45625 0.378125 0.009375 0.0484375
0 0.69375 0.590625 0.021875 0.0484375
0 0.38984375 0.390625 0.009375 0.0515625
0 0.31015625 0.453125 0.0109375 0.0703125
0 0.06171875 0.34140625 0.0109375 0.0625
0 0.30859375 0.55078125 0.0140625 0.06875
0 0.5265625 0.384375 0.0078125 0.0484375
0 0.534375 0.37421875 0.0109375 0.0609375
0 0.77890625 0.553125 0.0125 0.0828125
0 0.2765625 0.46328125 0.0109375 0.0609375
0 0.73125 0.478125 0.0125 0.0546875
0 0.815625 0.4296875 0.0078125 0.05
0 0.690625 0.36640625 0.0109375 0.04375
0 0.628125 0.42265625 0.0125 0.05
0 0.40546875 0.36640625 0.0125 0.0546875
0 0.99765625 0.75390625 0.0046875 0.05
0 0.87421875 0.97734375 0.0453125 0.0453125
0 0.36328125 0.190625 0.0078125 0.04375
0 0.80703125 0.51640625 0.0125 0.0703125
0 0.23046875 0.2265625 0.009375 0.05625
0 0.85625 0.2453125 0.0078125 0.0515625
0 0.79140625 0.4 0.009375 0.0515625
0 0.37578125 0.36328125 0.0078125 0.05625
0 0.34765625 0.19453125 0.009375 0.0453125
0 0.84375 0.40703125 0.009375 0.046875
0 0.2890625 0.20859375 0.0109375 0.0484375
0 0.7515625 0.4296875 0.0125 0.0453125
0 0.76484375 0.55390625 0.0140625 0.0765625
0 0.021875 0.35 0.0125 0.065625
0 0.6765625 0.50234375 0.01875 0.0421875
0 0.703125 0.56328125 0.0203125 0.0546875
0 0.053125 0.34765625 0.0109375 0.0703125
0 0.29453125 0.5203125 0.015625 0.065625
0 0.92109375 0.53828125 0.0140625 0.0625
0 0.71484375 0.36015625 0.0078125 0.0421875
0 0.80078125 0.42109375 0.0078125 0.040625
0 0.9640625 0.3140625 0.0109375 0.059375
0 0.32265625 0.52734375 0.0140625 0.0671875
0 0.7140625 0.471875 0.0125 0.03125
0 0.3265625 0.20078125 0.0078125 0.04375
0 0.9140625 0.80625 0.0203125 0.071875
0 0.45390625 0.178125 0.009375 0.0390625
0 0.08203125 0.66796875 0.0171875 0.0703125
0 0.31328125 0.20390625 0.0078125 0.04375
0 0.865625 0.50546875 0.0109375 0.0578125
0 0.88515625 0.25390625 0.009375 0.0578125
0 0.31875 0.2015625 0.0078125 0.046875
0 0.7078125 0.44765625 0.0125 0.0296875
0 0.659375 0.43203125 0.015625 0.05
0 0.7953125 0.534375 0.0109375 0.046875
0 0.37734375 0.44765625 0.0078125 0.053125
0 0.35390625 0.34375 0.0078125 0.04375
0 0.42109375 0.17890625 0.009375 0.04375
0 0.803125 0.453125 0.009375 0.06875
0 0.85 0.24296875 0.0078125 0.0515625
0 0.3359375 0.19765625 0.0078125 0.04375
0 0.4796875 0.32578125 0.009375 0.046875
0 0.27421875 0.21015625 0.0078125 0.053125
0 0.3171875 0.55546875 0.0140625 0.071875
0 0.32421875 0.56328125 0.015625 0.078125
0 0.67578125 0.44609375 0.0125 0.040625
0 0.6140625 0.59453125 0.01875 0.0578125
0 0.6234375 0.578125 0.015625 0.046875
0 0.64921875 0.5640625 0.0234375 0.0484375
0 0.56796875 0.3421875 0.009375 0.0296875
0 0.4921875 0.61015625 0.0265625 0.059375
0 0.47890625 0.59609375 0.0171875 0.0578125
0 0.75390625 0.21328125 0.009375 0.046875
0 0.76484375 0.21171875 0.0125 0.053125
0 0.63046875 0.17890625 0.00625 0.040625
0 0.62421875 0.18203125 0.0109375 0.034375
0 0.8453125 0.08984375 0.0078125 0.0375
0 0.8578125 0.09296875 0.0125 0.0453125
0 0.88359375 0.1 0.0078125 0.034375
0 0.89609375 0.10078125 0.0078125 0.0421875
0 0.2890625 0.065625 0.00625 0.0375
0 0.41015625 0.1921875 0.0140625 0.028125
0 0.30546875 0.21015625 0.0078125 0.0390625
0 0.18359375 0.2578125 0.009375 0.046875
0 0.17421875 0.246875 0.00625 0.028125
0 0.87109375 0.53984375 0.025 0.0671875
0 0.84296875 0.49296875 0.009375 0.0359375
0 0.7921875 0.5578125 0.021875 0.06875
0 0.74765625 0.515625 0.015625 0.0765625
0 0.76328125 0.496875 0.0140625 0.05
0 0.73984375 0.40390625 0.0109375 0.05
0 0.73671875 0.4 0.0140625 0.0515625
0 0.70078125 0.36640625 0.0109375 0.0390625
0 0.54609375 0.39921875 0.0125 0.028125
0 0.559375 0.40390625 0.0125 0.025
0 0.38203125 0.3546875 0.00625 0.0421875
0 0.3609375 0.36015625 0.0046875 0.046875
0 0.3671875 0.35625 0.00625 0.046875
0 0.3625 0.34140625 0.0078125 0.0453125
0 0.2359375 0.38984375 0.009375 0.03125
0 0.24375 0.38359375 0.009375 0.040625
0 0.13203125 0.60625 0.01875 0.0625
0 0.121875 0.565625 0.0234375 0.0421875
0 0.1578125 0.52421875 0.0140625 0.0359375
0 0.084375 0.59765625 0.0171875 0.0703125
0 0.07265625 0.67265625 0.015625 0.0625
0 0.0515625 0.86796875 0.0265625 0.053125
0 0.46484375 0.18046875 0.0078125 0.040625
0 0.62265625 0.0484375 0.0078125 0.034375
0 0.634375 0.05078125 0.0109375 0.0390625
0 0.521875 0.34609375 0.0125 0.0234375
0 0.4453125 0.4109375 0.0125 0.0609375
0 0.36796875 0.4421875 0.0109375 0.059375
0 0.33984375 0.36640625 0.0109375 0.0515625
0 0.3046875 0.45078125 0.0109375 0.0578125
0 0.68515625 0.50546875 0.0203125 0.0609375
0 0.6671875 0.4828125 0.015625 0.0359375
0 0.7796875 0.41484375 0.015625 0.053125
0 0.78984375 0.4078125 0.0125 0.053125
0 0.85 0.41875 0.009375 0.034375
0 0.8375 0.3796875 0.0078125 0.046875
0 0.42578125 0.7609375 0.0203125 0.0859375