0 0.74375 0.7328125 0.028125 0.1296875
0 0.72421875 0.596875 0.025 0.0828125
0 0.765625 0.70234375 0.0203125 0.0890625
0 0.15234375 0.60546875 0.025 0.0703125
0 0.92109375 0.81796875 0.0421875 0.090625
0 0.11015625 0.71953125 0.0234375 0.08125
0 0.64296875 0.4296875 0.0109375 0.0671875
0 0.740625 0.459375 0.0109375 0.065625
0 0.06015625 0.70390625 0.01875 0.059375
0 0.10078125 0.54453125 0.015625 0.065625
0 0.04609375 0.66484375 0.01875 0.0625
0 0.853125 0.26640625 0.0109375 0.0578125
0 0.11953125 0.759375 0.0234375 0.075
0 0.5578125 0.40234375 0.0125 0.0609375
0 0.6328125 0.4359375 0.0109375 0.0546875
0 0.91953125 0.590625 0.015625 0.078125
0 0.80546875 0.45234375 0.0125 0.040625
0 0.15390625 0.54609375 0.015625 0.0671875
0 0.85859375 0.70390625 0.01875 0.08125
0 0.86875 0.7265625 0.025 0.0875
0 0.68125 0.58515625 0.0203125 0.0828125
0 0.10390625 0.73359375 0.0203125 0.059375
0 0.0328125 0.69296875 0.015625 0.040625
0 0.58828125 0.43359375 0.009375 0.0609375
0 0.25859375 0.38984375 0.0078125 0.0484375
0 0.7859375 0.22890625 0.009375 0.053125
0 0.703125 0.596875 0.0234375 0.0828125
0 0.8828125 0.54609375 0.0125 0.04375
0 0.309375 0.38671875 0.00625 0.04375
0 0.58125 0.36328125 0.0078125 0.0546875
0 0.40234375 0.384375 0.0109375 0.0234375
0 0.0609375 0.76640625 0.0265625 0.0578125
0 0.58671875 0.3640625 0.0109375 0.0546875
0 0.66328125 0.3515625 0.009375 0.0421875
0 0.5984375 0.43828125 0.009375 0.0609375
0 0.8515625 0.571875 0.021875 0.0765625
0 0.63125 0.3765625 0.009375 0.053125
0 0.33671875 0.5546875 0.015625 0.0546875
0 0.41640625 0.4 0.009375 0.028125
0 0.6203125 0.375 0.0078125 0.0484375
0 0.9296875 0.32890625 0.009375 0.059375
0 0.68984375 0.53671875 0.0203125 0.0875
0 0.51484375 0.36953125 0.0109375 0.059375
0 0.48515625 0.3640625 0.009375 0.0578125
0 0.7296875 0.4640625 0.0109375 0.0578125
0 0.303125 0.46328125 0.015625 0.028125
0 0.17109375 0.48203125 0.0109375 0.0578125
0 0.3359375 0.35234375 0.0109375 0.0421875
0 0.3953125 0.40546875 0.009375 0.025
0 0.04140625 0.7171875 0.015625 0.046875
0 0.6453125 0.1875 0.0078125 0.040625
0 0.21875 0.51484375 0.0171875 0.065625
0 0.7703125 0.2265625 0.0078125 0.053125
0 0.18046875 0.23828125 0.0078125 0.0484375
0 0.2640625 0.4015625 0.0078125 0.0484375
0 0.66015625 0.190625 0.009375 0.04375
0 0.71484375 0.20390625 0.009375 0.0453125
0 0.28046875 0.4125 0.0078125 0.04375
0 0.35 0.48203125 0.015625 0.0375
0 0.32421875 0.540625 0.015625 0.0515625
0 0.9375 0.334375 0.0109375 0.0671875
0 0.009375 0.79765625 0.01875 0.0796875
0 0.7140625 0.521875 0.015625 0.0671875
0 0.31328125 0.3453125 0.00625 0.0390625
0 0.23046875 0.40703125 0.0078125 0.0375
0 0.0875 0.29609375 0.009375 0.05625
0 0.3140625 0.4515625 0.0109375 0.0296875
0 0.0390625 0.78203125 0.0140625 0.05625
0 0.6796875 0.19609375 0.0078125 0.040625
0 0.56015625 0.175 0.0078125 0.0359375
0 0.6921875 0.19921875 0.0078125 0.0421875
0 0.2125 0.40703125 0.0078125 0.04375
0 0.16484375 0.23515625 0.0125 0.0453125
0 0.6875 0.19765625 0.0078125 0.04375
0 0.3203125 0.4296875 0.0109375 0.028125
0 0.365625 0.41484375 0.0140625 0.046875
0 0.24609375 0.540625 0.009375 0.0640625
0 0.625 0.42890625 0.0078125 0.05
0 0.65859375 0.32734375 0.0078125 0.0421875
0 0.1859375 0.2359375 0.0078125 0.0484375
0 0.67109375 0.19375 0.0078125 0.040625
0 0.5359375 0.3140625 0.0078125 0.0453125
0 0.72578125 0.20859375 0.0078125 0.05
0 0.35078125 0.428125 0.0109375 0.0390625
0 0.41015625 0.5640625 0.0203125 0.046875
0 0.4 0.5515625 0.0140625 0.04375
0 0.375 0.53828125 0.021875 0.0453125
0 0.45234375 0.3296875 0.009375 0.028125
0 0.5234375 0.58203125 0.025 0.05625
0 0.5359375 0.56875 0.015625 0.0546875
0 0.021875 0.7859375 0.0203125 0.0453125
0 0.2765625 0.20859375 0.0078125 0.04375
0 0.24921875 0.215625 0.0078125 0.0453125
0 0.39296875 0.17578125 0.00625 0.0390625
0 0.3984375 0.178125 0.0109375 0.0328125
0 0.190625 0.0921875 0.00625 0.034375
0 0.17890625 0.09453125 0.0109375 0.0421875
0 0.1546875 0.1015625 0.0078125 0.0328125
0 0.14296875 0.10234375 0.0078125 0.0390625
0 0.71484375 0.06875 0.00625 0.0359375
0 0.7 0.20546875 0.0078125 0.0359375
0 0.81484375 0.25 0.009375 0.04375
0 0.8234375 0.23984375 0.00625 0.0265625
0 0.25078125 0.5484375 0.0109375 0.05625
0 0.2796875 0.48046875 0.0125 0.0375
0 0.26796875 0.475 0.0140625 0.0484375
0 0.28984375 0.3875 0.0109375 0.046875
0 0.29296875 0.38359375 0.0140625 0.0484375
0 0.3265625 0.35234375 0.009375 0.0375
0 0.47265625 0.3828125 0.0109375 0.0265625
0 0.46015625 0.3875 0.0125 0.0234375
0 0.6265625 0.340625 0.0046875 0.0390625
0 0.64765625 0.346875 0.0046875 0.0453125
0 0.64140625 0.34296875 0.00625 0.04375
0 0.64609375 0.32890625 0.00625 0.04375
0 0.76796875 0.36015625 0.009375 0.0390625
0 0.86328125 0.57890625 0.0171875 0.059375
0 0.87265625 0.53984375 0.0234375 0.0390625
0 0.84140625 0.50234375 0.0140625 0.034375
0 0.91171875 0.58359375 0.021875 0.0640625
0 0.54921875 0.17734375 0.0078125 0.0390625
0 0.4 0.053125 0.00625 0.0328125
0 0.38984375 0.05546875 0.0109375 0.0375
0 0.03125 0.7265625 0.01875 0.0390625
0 0.49609375 0.33359375 0.0109375 0.0234375
0 0.55078125 0.38984375 0.009375 0.0546875
0 0.64921875 0.434375 0.0109375 0.05625
0 0.7171875 0.38515625 0.0125 0.053125
0 0.71875 0.4625 0.0140625 0.059375
0 0.703125 0.35703125 0.0078125 0.0390625
0 0.90078125 0.28125 0.0125 0.04375
0 0.29296875 0.2015625 0.0125 0.040625
0 0.28515625 0.203125 0.009375 0.0421875
0 0.2578125 0.20546875 0.009375 0.040625
0 0.4109375 0.43359375 0.0109375 0.025
0 0.4015625 0.43359375 0.0109375 0.0265625
0 0.36015625 0.4625 0.0171875 0.0375
0 0.340625 0.48671875 0.015625 0.05625
0 0.32890625 0.44375 0.0125 0.025
0 0.29375 0.46875 0.015625 0.0375
0 0.278125 0.38828125 0.0078125 0.046875
0 0.30625 0.38125 0.009375 0.0484375
0 0.2296875 0.39453125 0.00625 0.0359375
0 0.20234375 0.375 0.0109375 0.0375
0 0.12109375 0.54296875 0.01875 0.065625
0 0.14921875 0.5140625 0.0109375 0.0625
0 0.19375 0.5625 0.0140625 0.0734375
0 0.2109375 0.62578125 0.0234375 0.08125
0 0.01796875 0.82109375 0.0328125 0.0875
0 0.28515625 0.7046875 0.025 0.0828125
0 0.271875 0.7046875 0.01875 0.0640625
0 0.84375 0.71875 0.025 0.0765625
0 0.3703125 0.8359375 0.034375 0.09375
0 0.3421875 0.796875 0.0265625 0.0859375
0 0.35 0.8578125 0.025 0.0765625
0 0.41796875 0.98515625 0.01875 0.0296875
0 0.1265625 0.54453125 0.0171875 0.0703125
0 0.06796875 0.69921875 0.0203125 0.053125
0 0.11640625 0.6125 0.0234375 0.075
0 0.0546875 0.64375 0.0265625 0.059375
0 0.7421875 0.5484375 0.015625 0.0828125
0 0.75625 0.59765625 0.0203125 0.084375
0 0.70703125 0.4953125 0.0140625 0.059375
0 0.696875 0.340625 0.009375 0.046875
0 0.67421875 0.33984375 0.0046875 0.0484375
0 0.67265625 0.3234375 0.0046875 0.0359375
0 0.23671875 0.4078125 0.0125 0.0453125
0 0.79453125 0.38359375 0.0046875 0.046875
0 0.3 0.6203125 0.028125 0.078125
0 0.2421875 0.58984375 0.0203125 0.075
0 0.31015625 0.87265625 0.0328125 0.1125
0 0.3953125 0.91484375 0.0265625 0.0921875
0 0.1359375 0.75078125 0.021875 0.0765625
0 0.20078125 0.65234375 0.0265625 0.0796875
0 0.1421875 0.74140625 0.025 0.09375
0 0.14609375 0.64765625 0.0296875 0.0765625
0 0.1296875 0.665625 0.021875 0.071875
0 0.19296875 0.378125 0.009375 0.0421875
0 0.821875 0.7359375 0.0265625 0.1015625
0 0.68671875 0.36328125 0.0078125 0.046875
0 0.2125 0.5859375 0.0203125 0.0640625
0 0.21171875 0.52265625 0.0171875 0.084375
0 0.20703125 0.55234375 0.0125 0.059375
0 0.15859375 0.50703125 0.0140625 0.059375
0 0.32734375 0.828125 0.0234375 0.075
0 0.11484375 0.96484375 0.0328125 0.0703125
0 0.096875 0.95859375 0.04375 0.0765625
0 0.24296875 0.53125 0.0140625 0.065625
0 0.2546875 0.54453125 0.0109375 0.0515625
0 0.2734375 0.4140625 0.0078125 0.0453125
0 0.35234375 0.34375 0.009375 0.0421875
0 0.303125 0.3078125 0.0078125 0.03125
0 0.40234375 0.34453125 0.0078125 0.028125
0 0.39375 0.33984375 0.0109375 0.046875
0 0.6859375 0.3421875 0.0078125 0.0375
0 0.7125 0.3484375 0.0078125 0.0421875
0 0.68515625 0.490625 0.0109375 0.0390625
0 0.71171875 0.50703125 0.015625 0.075
0 0.69375 0.31328125 0.00625 0.021875
0 0.70390625 0.3140625 0.0046875 0.0375
0 0.75859375 0.36328125 0.0046875 0.034375
0 0.88203125 0.2828125 0.0125 0.0515625
0 0.8625 0.271875 0.0078125 0.0484375
0 0.91171875 0.30078125 0.0125 0.0671875
0 0.175 0.23203125 0.009375 0.0484375
0 0.0046875 0.37265625 0.009375 0.06875
0 0.0765625 0.74140625 0.0328125 0.078125
0 0.0625 0.6890625 0.00625 0.0296875