0 0.75234375 0.73203125 0.0265625 0.1015625
0 0.32109375 0.85390625 0.028125 0.1015625
0 0.29453125 0.853125 0.021875 0.0796875
0 0.56640625 0.946875 0.03125 0.10625
0 0.74140625 0.571875 0.015625 0.0890625
0 0.54765625 0.7375 0.0203125 0.0890625
0 0.77578125 0.71640625 0.0203125 0.090625
0 0.6546875 0.871875 0.021875 0.0953125
0 0.203125 0.80546875 0.0296875 0.11875
0 0.89296875 0.85546875 0.0421875 0.09375
0 0.81015625 0.96328125 0.0421875 0.0734375
0 0.1890625 0.49453125 0.0125 0.065625
0 0.11953125 0.7359375 0.0234375 0.0828125
0 0.6515625 0.4421875 0.0078125 0.059375
0 0.75390625 0.46171875 0.0125 0.0671875
0 0.05546875 0.71796875 0.01875 0.059375
0 0.09375 0.6046875 0.0140625 0.06875
0 0.1453125 0.96328125 0.028125 0.0734375
0 0.06484375 0.62734375 0.025 0.075
0 0.3171875 0.98984375 0.028125 0.0203125
0 0.78046875 0.43671875 0.0125 0.06875
0 0.86484375 0.27109375 0.0109375 0.059375
0 0.1109375 0.78203125 0.021875 0.0578125
0 0.5703125 0.40625 0.0140625 0.0703125
0 0.87421875 0.60546875 0.0203125 0.0734375
0 0.640625 0.44375 0.0109375 0.05625
0 0.9265625 0.59453125 0.0171875 0.0796875
0 0.8171875 0.46015625 0.0125 0.0421875
0 0.58515625 0.75078125 0.0203125 0.134375
0 0.16796875 0.4484375 0.009375 0.0640625
0 0.8375 0.521875 0.0171875 0.06875
0 0.16015625 0.54609375 0.01875 0.071875
0 0.8703125 0.71796875 0.0203125 0.0828125
0 0.1421875 0.66796875 0.0234375 0.0859375
0 0.85625 0.73671875 0.0265625 0.0765625
0 0.88671875 0.728125 0.015625 0.065625
0 0.86328125 0.8 0.0328125 0.09375
0 0.76953125 0.22109375 0.009375 0.0515625
0 0.70234375 0.59453125 0.015625 0.10625
0 0.10078125 0.74765625 0.0203125 0.059375
0 0.02734375 0.70625 0.0171875 0.0421875
0 0.9421875 0.65390625 0.0203125 0.075
0 0.61484375 0.4453125 0.009375 0.0609375
0 0.25390625 0.39921875 0.0109375 0.0578125
0 0.57109375 0.74609375 0.0265625 0.0984375
0 0.10390625 0.5984375 0.0125 0.0671875
0 0.15546875 0.4890625 0.009375 0.0578125
0 0.796875 0.2328125 0.0109375 0.053125
0 0.7171875 0.5734375 0.0125 0.078125
0 0.89609375 0.55703125 0.0140625 0.0453125
0 0.31171875 0.3890625 0.0109375 0.05625
0 0.58828125 0.36953125 0.009375 0.0546875
0 0.40625 0.40390625 0.0109375 0.05
0 0.93671875 0.85 0.0296875 0.078125
0 0.55390625 0.37578125 0.0125 0.053125
0 0.05625 0.78125 0.028125 0.0578125
0 0.59375 0.3703125 0.0109375 0.0546875
0 0.67578125 0.3328125 0.009375 0.021875
0 0.603125 0.44921875 0.009375 0.0609375
0 0.66953125 0.38984375 0.0109375 0.0578125
0 0.85 0.5421875 0.0140625 0.0390625
0 0.63828125 0.3828125 0.009375 0.0546875
0 0.56328125 0.36953125 0.0078125 0.046875
0 0.334375 0.575 0.021875 0.046875
0 0.62734375 0.38203125 0.009375 0.05
0 0.70390625 0.44140625 0.0109375 0.06875
0 0.94296875 0.334375 0.009375 0.0609375
0 0.70546875 0.5359375 0.0125 0.0671875
0 0.49609375 0.37578125 0.009375 0.046875
0 0.48828125 0.365625 0.0109375 0.059375
0 0.25234375 0.53828125 0.0140625 0.078125
0 0.73671875 0.4515625 0.0109375 0.059375
0 0.2984375 0.465625 0.0125 0.053125
0 0.2171875 0.41953125 0.0078125 0.046875
0 0.3375 0.35859375 0.0109375 0.0421875
0 0.39765625 0.4125 0.0125 0.0484375
0 0.6125 0.35859375 0.0109375 0.0515625
0 0.03671875 0.73125 0.0171875 0.046875
0 0.1609375 0.9625 0.0421875 0.075
0 0.653125 0.18984375 0.0078125 0.040625
0 0.22578125 0.503125 0.0109375 0.06875
0 0.78125 0.22421875 0.009375 0.053125
0 0.178125 0.2421875 0.0078125 0.05
0 0.240625 0.390625 0.009375 0.05
0 0.64140625 0.35546875 0.0078125 0.0546875
0 0.66796875 0.19296875 0.009375 0.04375
0 0.190625 0.39765625 0.009375 0.0453125
0 0.72421875 0.20703125 0.0109375 0.046875
0 0.27890625 0.41953125 0.0109375 0.04375
0 0.26640625 0.5390625 0.0140625 0.075
0 0.98125 0.34296875 0.0109375 0.0625
0 0.35078125 0.4890625 0.01875 0.040625
0 0.32578125 0.5484375 0.01875 0.0515625
0 0.9515625 0.340625 0.0109375 0.06875
0 0.00234375 0.75625 0.0046875 0.0578125
0 0.71953125 0.50703125 0.015625 0.0625
0 0.115625 0.5234375 0.0140625 0.0609375
0 0.3140625 0.35234375 0.00625 0.0390625
0 0.23125 0.41171875 0.0078125 0.0390625
0 0.07421875 0.3078125 0.009375 0.0578125
0 0.6921875 0.5140625 0.0125 0.0640625
0 0.31484375 0.46015625 0.0109375 0.03125
0 0.03359375 0.79765625 0.015625 0.0578125
0 0.68828125 0.19921875 0.0078125 0.0421875
0 0.12265625 0.78203125 0.01875 0.06875
0 0.565625 0.178125 0.0078125 0.0375
0 0.9234375 0.64921875 0.0171875 0.0671875
0 0.7015625 0.2015625 0.0078125 0.0421875
0 0.16953125 0.4921875 0.0109375 0.05625
0 0.15 0.25 0.009375 0.05625
0 0.69609375 0.2 0.0078125 0.0453125
0 0.32109375 0.4375 0.0125 0.028125
0 0.36796875 0.421875 0.0140625 0.046875
0 0.23671875 0.5203125 0.009375 0.04375
0 0.6390625 0.43671875 0.0078125 0.0515625
0 0.66171875 0.33671875 0.0078125 0.0421875
0 0.59765625 0.178125 0.009375 0.0421875
0 0.2296875 0.4421875 0.009375 0.0671875
0 0.184375 0.23984375 0.0078125 0.05
0 0.67890625 0.19609375 0.0078125 0.040625
0 0.54140625 0.31953125 0.009375 0.046875
0 0.73828125 0.20859375 0.009375 0.0515625
0 0.696875 0.540625 0.0125 0.0703125
0 0.690625 0.5484375 0.0140625 0.075
0 0.35234375 0.4359375 0.0109375 0.0390625
0 0.41171875 0.578125 0.01875 0.0546875
0 0.40234375 0.5625 0.015625 0.04375
0 0.37734375 0.5484375 0.021875 0.046875
0 0.45546875 0.33515625 0.009375 0.028125
0 0.52890625 0.59296875 0.0265625 0.0578125
0 0.54140625 0.5796875 0.0171875 0.0546875
0 0.01640625 0.8015625 0.0203125 0.046875
0 0.2765625 0.21171875 0.0078125 0.04375
0 0.26640625 0.21015625 0.0125 0.0515625
0 0.3953125 0.17890625 0.00625 0.040625
0 0.4015625 0.18125 0.0109375 0.0328125
0 0.18828125 0.09296875 0.00625 0.0359375
0 0.1765625 0.0953125 0.0125 0.0421875
0 0.1515625 0.10234375 0.0078125 0.0328125
0 0.13984375 0.103125 0.0078125 0.040625
0 0.72421875 0.06875 0.00625 0.0359375
0 0.6078125 0.190625 0.0125 0.0265625
0 0.70859375 0.2078125 0.0078125 0.0375
0 0.8265625 0.25390625 0.009375 0.0453125
0 0.83515625 0.24375 0.00625 0.028125
0 0.1640625 0.52578125 0.0234375 0.0640625
0 0.190625 0.48046875 0.009375 0.034375
0 0.23984375 0.54296875 0.021875 0.065625
0 0.2828125 0.50234375 0.015625 0.0734375
0 0.2671875 0.484375 0.0140625 0.0484375
0 0.28984375 0.39453125 0.0109375 0.0484375
0 0.29296875 0.390625 0.0140625 0.05
0 0.328125 0.35859375 0.0109375 0.0375
0 0.4765625 0.38984375 0.0109375 0.028125
0 0.4640625 0.39453125 0.0125 0.025
0 0.63515625 0.34765625 0.0046875 0.040625
0 0.65546875 0.353125 0.0046875 0.0453125
0 0.64921875 0.34921875 0.00625 0.0453125
0 0.65390625 0.334375 0.00625 0.04375
0 0.77578125 0.38125 0.0078125 0.0296875
0 0.76796875 0.375 0.009375 0.0390625
0 0.87578125 0.58984375 0.0171875 0.059375
0 0.88515625 0.55 0.0234375 0.040625
0 0.85078125 0.51015625 0.0140625 0.034375
0 0.921875 0.58125 0.015625 0.0671875
0 0.9328125 0.653125 0.015625 0.059375
0 0.953125 0.84140625 0.0265625 0.0515625
0 0.5546875 0.1796875 0.0078125 0.0390625
0 0.403125 0.053125 0.00625 0.0328125
0 0.3921875 0.0546875 0.009375 0.0375
0 0.02578125 0.740625 0.0171875 0.040625
0 0.50078125 0.3390625 0.0109375 0.0234375
0 0.5734375 0.4015625 0.0125 0.059375
0 0.6484375 0.43125 0.0109375 0.0578125
0 0.67578125 0.35859375 0.0109375 0.05
0 0.709375 0.43984375 0.0109375 0.05625
0 0.34296875 0.4921875 0.0203125 0.059375
0 0.36015625 0.47109375 0.015625 0.0359375
0 0.25234375 0.40546875 0.0140625 0.0515625
0 0.2421875 0.3984375 0.0109375 0.05
0 0.184375 0.409375 0.009375 0.0328125
0 0.19609375 0.371875 0.00625 0.0453125
0 0.59296875 0.73828125 0.0203125 0.084375