0 0.74453125 0.734375 0.028125 0.1296875
0 0.725 0.59765625 0.025 0.084375
0 0.76640625 0.70390625 0.0203125 0.0890625
0 0.15 0.60703125 0.025 0.071875
0 0.92265625 0.8203125 0.0421875 0.0921875
0 0.1078125 0.72109375 0.0234375 0.08125
0 0.64375 0.43046875 0.0109375 0.0671875
0 0.74140625 0.459375 0.0109375 0.065625
0 0.05703125 0.70546875 0.01875 0.059375
0 0.0984375 0.5453125 0.015625 0.065625
0 0.04375 0.66640625 0.01875 0.0640625
0 0.8546875 0.265625 0.0109375 0.0578125
0 0.11640625 0.7609375 0.0234375 0.075
0 0.5578125 0.40234375 0.0125 0.0609375
0 0.63359375 0.4359375 0.0109375 0.05625
0 0.92109375 0.5921875 0.015625 0.078125
0 0.80703125 0.45234375 0.0125 0.040625
0 0.1515625 0.546875 0.0140625 0.06875
0 0.86015625 0.70625 0.01875 0.08125
0 0.8703125 0.728125 0.025 0.0875
0 0.68203125 0.58671875 0.0203125 0.0828125
0 0.1015625 0.73515625 0.0203125 0.059375
0 0.0296875 0.69453125 0.0171875 0.040625
0 0.58828125 0.43359375 0.009375 0.0609375
0 0.25703125 0.38984375 0.0078125 0.05
0 0.78671875 0.228125 0.009375 0.053125
0 0.70390625 0.5984375 0.0234375 0.0828125
0 0.884375 0.54765625 0.0125 0.04375
0 0.3078125 0.38671875 0.00625 0.04375
0 0.58203125 0.36328125 0.0078125 0.0546875
0 0.4015625 0.384375 0.0125 0.0234375
0 0.0578125 0.76796875 0.0265625 0.0578125
0 0.58671875 0.3640625 0.0109375 0.0546875
0 0.6640625 0.3515625 0.009375 0.0421875
0 0.5984375 0.43828125 0.009375 0.0609375
0 0.85234375 0.5734375 0.021875 0.078125
0 0.63125 0.3765625 0.009375 0.053125
0 0.33515625 0.55625 0.015625 0.0546875
0 0.415625 0.4 0.009375 0.028125
0 0.6203125 0.375 0.0078125 0.05
0 0.93125 0.32890625 0.009375 0.059375
0 0.68984375 0.53828125 0.0203125 0.0875
0 0.51484375 0.36953125 0.0109375 0.059375
0 0.484375 0.3640625 0.009375 0.0578125
0 0.73125 0.46484375 0.0109375 0.0578125
0 0.30234375 0.4640625 0.015625 0.028125
0 0.16953125 0.4828125 0.0109375 0.0578125
0 0.33515625 0.35234375 0.0109375 0.0421875
0 0.39453125 0.40625 0.009375 0.025
0 0.03828125 0.71953125 0.015625 0.046875
0 0.64609375 0.1859375 0.0078125 0.040625
0 0.2171875 0.515625 0.0171875 0.065625
0 0.77109375 0.22578125 0.0078125 0.053125
0 0.178125 0.2375 0.0078125 0.05
0 0.2625 0.4015625 0.0078125 0.0484375
0 0.66015625 0.18984375 0.009375 0.04375
0 0.715625 0.20234375 0.009375 0.0453125
0 0.27890625 0.4125 0.0078125 0.04375
0 0.34921875 0.48203125 0.015625 0.0375
0 0.32265625 0.5421875 0.015625 0.0515625
0 0.9390625 0.334375 0.0109375 0.0671875
0 0.0078125 0.8 0.015625 0.08125
0 0.71484375 0.52265625 0.015625 0.06875
0 0.31171875 0.3453125 0.00625 0.0390625
0 0.228125 0.40703125 0.0078125 0.0375
0 0.08515625 0.29609375 0.009375 0.05625
0 0.31328125 0.45234375 0.0109375 0.0296875
0 0.0359375 0.784375 0.0140625 0.0578125
0 0.6796875 0.1953125 0.0078125 0.040625
0 0.56015625 0.17421875 0.0078125 0.0375
0 0.69296875 0.1984375 0.0078125 0.0421875
0 0.21015625 0.40703125 0.0078125 0.0453125
0 0.1625 0.234375 0.0125 0.0453125
0 0.6875 0.19609375 0.0078125 0.04375
0 0.31875 0.4296875 0.0125 0.028125
0 0.36484375 0.41484375 0.0140625 0.046875
0 0.24453125 0.54140625 0.009375 0.0640625
0 0.625 0.4296875 0.0078125 0.05
0 0.65859375 0.32734375 0.0078125 0.0421875
0 0.18359375 0.23515625 0.0078125 0.05
0 0.67109375 0.1921875 0.0078125 0.040625
0 0.53515625 0.31328125 0.009375 0.0453125
0 0.7265625 0.2078125 0.0078125 0.05
0 0.34921875 0.428125 0.0109375 0.0390625
0 0.409375 0.56484375 0.0203125 0.046875
0 0.39921875 0.553125 0.0140625 0.04375
0 0.37421875 0.5390625 0.021875 0.0453125
0 0.4515625 0.32890625 0.009375 0.028125
0 0.5234375 0.58359375 0.0265625 0.0578125
0 0.5359375 0.5703125 0.015625 0.0546875
0 0.01875 0.7875 0.0203125 0.0453125
0 0.275 0.2078125 0.0078125 0.04375
0 0.24765625 0.21484375 0.0078125 0.0453125
0 0.3921875 0.175 0.00625 0.0390625
0 0.39765625 0.17734375 0.0109375 0.0328125
0 0.18828125 0.090625 0.00625 0.034375
0 0.1765625 0.09296875 0.0109375 0.0421875
0 0.15234375 0.1 0.0078125 0.0328125
0 0.140625 0.10078125 0.0078125 0.0390625
0 0.715625 0.0671875 0.00625 0.0359375
0 0.70078125 0.20390625 0.0078125 0.0359375
0 0.81640625 0.24921875 0.009375 0.04375
0 0.825 0.2390625 0.00625 0.0265625
0 0.24921875 0.54921875 0.0109375 0.05625
0 0.278125 0.48046875 0.0125 0.0375
0 0.26640625 0.47578125 0.0140625 0.0484375
0 0.28828125 0.3875 0.0109375 0.046875
0 0.29140625 0.38359375 0.0140625 0.0484375
0 0.32578125 0.35234375 0.009375 0.0375
0 0.471875 0.3828125 0.0109375 0.0265625
0 0.459375 0.3875 0.0125 0.0234375
0 0.6265625 0.340625 0.0046875 0.0390625
0 0.64765625 0.346875 0.0046875 0.0453125
0 0.64140625 0.34296875 0.00625 0.04375
0 0.64609375 0.328125 0.00625 0.04375
0 0.76875 0.36015625 0.0078125 0.0390625
0 0.86484375 0.5796875 0.0171875 0.059375
0 0.87421875 0.540625 0.0234375 0.040625
0 0.84296875 0.503125 0.0140625 0.034375
0 0.91328125 0.58515625 0.021875 0.0625
0 0.54921875 0.17578125 0.0078125 0.0390625
0 0.39921875 0.0515625 0.00625 0.0328125
0 0.38828125 0.053125 0.009375 0.0375
0 0.028125 0.728125 0.01875 0.0390625
0 0.4953125 0.3328125 0.0109375 0.0234375
0 0.55078125 0.38984375 0.009375 0.0546875
0 0.64921875 0.434375 0.0109375 0.05625
0 0.71796875 0.3859375 0.0125 0.053125
0 0.71953125 0.4625 0.0140625 0.0609375
0 0.70390625 0.35703125 0.0078125 0.040625
0 0.90234375 0.28046875 0.0125 0.0453125
0 0.2921875 0.20078125 0.0125 0.040625
0 0.28359375 0.2015625 0.0078125 0.0421875
0 0.25625 0.20390625 0.009375 0.0421875
0 0.409375 0.43359375 0.0109375 0.025
0 0.40078125 0.434375 0.0109375 0.0265625
0 0.359375 0.4625 0.0171875 0.0375
0 0.33984375 0.48671875 0.015625 0.05625
0 0.32734375 0.44453125 0.0140625 0.025
0 0.2921875 0.46875 0.015625 0.0375
0 0.2765625 0.3890625 0.0078125 0.046875
0 0.3046875 0.38125 0.009375 0.0484375
0 0.22734375 0.39453125 0.00625 0.0359375
0 0.2 0.375 0.009375 0.0375
0 0.11875 0.54375 0.01875 0.0671875
0 0.146875 0.51484375 0.0109375 0.0625
0 0.19140625 0.56328125 0.0140625 0.075
0 0.209375 0.62734375 0.0234375 0.08125
0 0.015625 0.82265625 0.03125 0.0890625
0 0.28359375 0.70625 0.025 0.0828125
0 0.2703125 0.70625 0.01875 0.065625
0 0.84453125 0.7203125 0.025 0.078125
0 0.36953125 0.83828125 0.0328125 0.09375
0 0.340625 0.7984375 0.0265625 0.0875
0 0.34921875 0.86015625 0.025 0.0765625
0 0.41640625 0.98671875 0.01875 0.0265625
0 0.12421875 0.5453125 0.0171875 0.0703125
0 0.065625 0.70078125 0.0203125 0.0515625
0 0.1140625 0.61328125 0.0234375 0.075
0 0.0515625 0.64453125 0.0265625 0.059375
0 0.74296875 0.54921875 0.015625 0.0828125
0 0.7578125 0.5984375 0.0203125 0.0859375
0 0.7078125 0.49609375 0.0140625 0.059375
0 0.69765625 0.340625 0.009375 0.046875
0 0.675 0.33984375 0.0046875 0.0484375
0 0.6734375 0.3234375 0.0046875 0.0359375
0 0.234375 0.4078125 0.0125 0.0453125
0 0.7953125 0.38359375 0.0046875 0.046875
0 0.2984375 0.621875 0.028125 0.0796875
0 0.240625 0.590625 0.0203125 0.075
0 0.30859375 0.875 0.0328125 0.1125
0 0.39453125 0.9171875 0.0265625 0.0921875
0 0.1328125 0.75234375 0.021875 0.078125
0 0.19921875 0.65390625 0.0265625 0.08125
0 0.13984375 0.74296875 0.025 0.0953125
0 0.14375 0.64921875 0.0296875 0.0765625
0 0.12734375 0.6671875 0.0234375 0.071875
0 0.190625 0.378125 0.009375 0.0421875
0 0.82265625 0.7375 0.0265625 0.1015625
0 0.68671875 0.36328125 0.0078125 0.046875
0 0.21015625 0.5875 0.0203125 0.0640625
0 0.209375 0.5234375 0.0171875 0.0859375
0 0.2046875 0.55390625 0.0125 0.059375
0 0.15703125 0.5078125 0.0140625 0.059375
0 0.32578125 0.83046875 0.0234375 0.0765625
0 0.1125 0.96640625 0.034375 0.0671875
0 0.09375 0.9609375 0.04375 0.078125
0 0.24140625 0.53203125 0.0140625 0.0671875
0 0.253125 0.5453125 0.0109375 0.0515625
0 0.27109375 0.4140625 0.0078125 0.0453125
0 0.3515625 0.34375 0.009375 0.0421875
0 0.30234375 0.3078125 0.0078125 0.0328125
0 0.4015625 0.34453125 0.0078125 0.028125
0 0.3921875 0.33984375 0.0109375 0.046875
0 0.68671875 0.3421875 0.0078125 0.0375
0 0.71328125 0.3484375 0.0078125 0.0421875
0 0.6859375 0.49140625 0.0109375 0.0390625
0 0.7125 0.5078125 0.0171875 0.0765625
0 0.69453125 0.31328125 0.00625 0.021875
0 0.7046875 0.31328125 0.0046875 0.0390625
0 0.76015625 0.36328125 0.0046875 0.034375
0 0.88359375 0.28203125 0.0125 0.053125
0 0.8640625 0.27109375 0.0078125 0.0484375
0 0.9140625 0.3 0.0125 0.0671875
0 0.17265625 0.23125 0.009375 0.0484375
0 0.003125 0.371875 0.00625 0.0703125
0 0.07421875 0.74296875 0.0328125 0.078125
0 0.059375 0.690625 0.00625 0.0296875