0 0.35546875 0.9265625 0.0296875 0.1203125
0 0.1328125 0.97265625 0.0265625 0.05
0 0.76328125 0.70859375 0.0203125 0.0984375
0 0.1875 0.70625 0.021875 0.090625
0 0.20390625 0.6640625 0.021875 0.0859375
0 0.74140625 0.72265625 0.025 0.10625
0 0.63984375 0.82578125 0.025 0.0953125
0 0.24453125 0.91953125 0.040625 0.109375
0 0.16796875 0.49765625 0.0140625 0.0640625
0 0.240625 0.6046875 0.01875 0.08125
0 0.90234375 0.821875 0.028125 0.090625
0 0.86875 0.73203125 0.0234375 0.0828125
0 0.69609375 0.84609375 0.025 0.09375
0 0.7296875 0.56640625 0.0125 0.08125
0 0.21875 0.60078125 0.0203125 0.0859375
0 0.8375 0.715625 0.0234375 0.0828125
0 0.121875 0.765625 0.025 0.065625
0 0.81484375 0.63984375 0.021875 0.090625
0 0.128125 0.646875 0.0140625 0.075
0 0.8546875 0.71015625 0.021875 0.075
0 0.49296875 0.85625 0.0234375 0.1125
0 0.38125 0.3375 0.009375 0.046875
0 0.8484375 0.57265625 0.01875 0.0734375
0 0.9125 0.58671875 0.0234375 0.065625
0 0.71875 0.51953125 0.0125 0.078125
0 0.46484375 0.8078125 0.025 0.109375
0 0.21875 0.9171875 0.025 0.1
0 0.10546875 0.715625 0.0171875 0.059375
0 0.11796875 0.61015625 0.01875 0.0671875
0 0.19375 0.47578125 0.0140625 0.05625
0 0.8515625 0.2671875 0.0125 0.05625
0 0.03046875 0.70234375 0.0203125 0.0671875
0 0.83984375 0.50078125 0.0140625 0.0390625
0 0.6453125 0.42734375 0.009375 0.0625
0 0.2546875 0.52734375 0.0109375 0.0796875
0 0.58125 0.36796875 0.0078125 0.059375
0 0.6921875 0.5453125 0.0125 0.078125
0 0.08359375 0.63828125 0.0140625 0.0578125
0 0.45078125 0.7828125 0.01875 0.096875
0 0.67109375 0.85390625 0.0203125 0.075
0 0.56015625 0.3859375 0.0125 0.0578125
0 0.0609375 0.70234375 0.01875 0.0546875
0 0.5109375 0.3671875 0.0109375 0.065625
0 0.7953125 0.23359375 0.0078125 0.0578125
0 0.803125 0.4625 0.0140625 0.0609375
0 0.48046875 0.3609375 0.0109375 0.053125
0 0.92890625 0.334375 0.0109375 0.0671875
0 0.22734375 0.5171875 0.0125 0.0734375
0 0.0046875 0.8125 0.009375 0.0671875
0 0.7703125 0.22421875 0.0078125 0.05
0 0.43046875 0.3515625 0.009375 0.0640625
0 0.128125 0.53984375 0.0125 0.0609375
0 0.69140625 0.365625 0.0078125 0.0484375
0 0.63203125 0.37890625 0.0078125 0.05625
0 0.3125 0.37890625 0.009375 0.0546875
0 0.625 0.43125 0.0078125 0.05625
0 0.403125 0.3390625 0.0078125 0.05
0 0.18203125 0.428125 0.009375 0.05625
0 0.740625 0.4640625 0.009375 0.059375
0 0.8640625 0.57890625 0.01875 0.065625
0 0.78359375 0.228125 0.009375 0.053125
0 0.68828125 0.19609375 0.0078125 0.046875
0 0.325 0.5453125 0.0171875 0.0578125
0 0.58671875 0.365625 0.009375 0.05625
0 0.88203125 0.55703125 0.0140625 0.040625
0 0.396875 0.41484375 0.0109375 0.046875
0 0.63203125 0.42734375 0.0078125 0.0625
0 0.203125 0.45859375 0.0125 0.0625
0 0.9875 0.3609375 0.0109375 0.0578125
0 0.09609375 0.6328125 0.0171875 0.0609375
0 0.7296875 0.46328125 0.0078125 0.0609375
0 0.3484375 0.47734375 0.0125 0.05
0 0.16640625 0.23359375 0.0046875 0.0453125
0 0.1453125 0.5375 0.0109375 0.0625
0 0.70625 0.5296875 0.0125 0.071875
0 0.40078125 0.38984375 0.0109375 0.04375
0 0.01640625 0.79609375 0.0171875 0.0359375
0 0.7109375 0.50078125 0.0125 0.075
0 0.81015625 0.48359375 0.0125 0.0796875
0 0.621875 0.37578125 0.0078125 0.053125
0 0.53515625 0.39765625 0.0109375 0.0515625
0 0.66171875 0.35 0.0109375 0.040625
0 0.34296875 0.34765625 0.0078125 0.0390625
0 0.72265625 0.4625 0.0109375 0.059375
0 0.0171875 0.81484375 0.021875 0.06875
0 0.35546875 0.471875 0.0140625 0.05
0 0.728125 0.20546875 0.009375 0.0515625
0 0.66015625 0.19140625 0.009375 0.0421875
0 0.06328125 0.74140625 0.025 0.0671875
0 0.26796875 0.403125 0.0125 0.0546875
0 0.63671875 0.346875 0.0078125 0.053125
0 0.13671875 0.53359375 0.0109375 0.065625
0 0.6453125 0.1875 0.0078125 0.040625
0 0.71171875 0.36171875 0.0125 0.0484375
0 0.40625 0.41328125 0.009375 0.046875
0 0.3515625 0.428125 0.0125 0.0453125
0 0.30234375 0.37578125 0.009375 0.0546875
0 0.5671875 0.315625 0.0078125 0.0484375
0 0.3640625 0.4046875 0.0109375 0.03125
0 0.3328125 0.5640625 0.0203125 0.04375
0 0.3640625 0.33984375 0.0078125 0.0453125
0 0.23203125 0.39453125 0.00625 0.0390625
0 0.21796875 0.4046875 0.0078125 0.0421875
0 0.2765625 0.40390625 0.0109375 0.046875
0 0.29296875 0.39140625 0.0109375 0.059375
0 0.74375 0.54375 0.0109375 0.08125
0 0.70546875 0.2015625 0.0078125 0.0453125
0 0.33046875 0.35234375 0.0078125 0.034375
0 0.54765625 0.36484375 0.0109375 0.0640625
0 0.21328125 0.4046875 0.0078125 0.046875
0 0.27890625 0.49140625 0.0109375 0.05625
0 0.31953125 0.42578125 0.015625 0.0234375
0 0.3828125 0.40703125 0.0109375 0.040625
0 0.64140625 0.3484375 0.0078125 0.0546875
0 0.59296875 0.4328125 0.0078125 0.0609375
0 0.23125 0.48203125 0.009375 0.0484375
0 0.04140625 0.7203125 0.01875 0.05
0 0.3046875 0.459375 0.0109375 0.0515625
0 0.25 0.4109375 0.0109375 0.0375
0 0.2484375 0.53125 0.0140625 0.078125
0 0.64140625 0.428125 0.0078125 0.0671875
0 0.4953125 0.334375 0.0078125 0.0328125
0 0.7578125 0.2203125 0.009375 0.05
0 0.2359375 0.4015625 0.009375 0.0421875
0 0.7140625 0.203125 0.0078125 0.046875
0 0.6015625 0.4359375 0.0109375 0.059375
0 0.29453125 0.45859375 0.009375 0.0515625
0 0.33984375 0.484375 0.015625 0.0515625
0 0.675 0.19765625 0.0078125 0.0484375
0 0.17890625 0.2375 0.0078125 0.053125
0 0.6859375 0.5078125 0.0140625 0.065625
0 0.45234375 0.33046875 0.0109375 0.0234375
0 0.40625 0.559375 0.01875 0.0453125
0 0.52578125 0.5828125 0.0171875 0.0546875
0 0.540625 0.56875 0.0140625 0.040625
0 0.3984375 0.55 0.0125 0.0359375
0 0.38125 0.54296875 0.0203125 0.053125
0 0.471875 0.3828125 0.0125 0.025
0 0.4609375 0.3890625 0.0109375 0.0234375
0 0.6265625 0.3421875 0.00625 0.0421875
0 0.678125 0.36015625 0.0125 0.046875
0 0.67890625 0.32890625 0.0078125 0.0421875
0 0.66015625 0.3265625 0.009375 0.0390625
0 0.665625 0.33203125 0.009375 0.0296875
0 0.6890625 0.3109375 0.009375 0.0359375
0 0.70234375 0.328125 0.0078125 0.040625
0 0.87421875 0.5390625 0.0171875 0.0375
0 0.91953125 0.596875 0.0140625 0.0703125
0 0.640625 0.8546875 0.0234375 0.0765625
0 0.690625 0.90078125 0.03125 0.071875
0 0.315625 0.4578125 0.0125 0.0328125
0 0.328125 0.44296875 0.0140625 0.025
0 0.26875 0.47578125 0.0140625 0.053125
0 0.27734375 0.3875 0.0125 0.0484375
0 0.2921875 0.38203125 0.0125 0.0515625
0 0.3109375 0.3484375 0.0078125 0.0390625
0 0.3140625 0.32890625 0.0078125 0.028125
0 0.3234375 0.35546875 0.0046875 0.0296875
0 0.7671875 0.3609375 0.0078125 0.034375
0 0.559375 0.1765625 0.0078125 0.0375
0 0.5484375 0.17734375 0.009375 0.0375
0 0.6984375 0.20234375 0.0109375 0.0453125
0 0.68359375 0.19765625 0.00625 0.040625
0 0.403125 0.1765625 0.0109375 0.040625
0 0.39296875 0.17890625 0.0078125 0.0375
0 0.40390625 0.05234375 0.0078125 0.0375
0 0.71640625 0.06875 0.0109375 0.0359375
0 0.94140625 0.3453125 0.0140625 0.059375
0 0.9390625 0.3015625 0.0078125 0.03125