0 0.35390625 0.93515625 0.03125 0.125
0 0.12265625 0.978125 0.0265625 0.04375
0 0.77421875 0.709375 0.021875 0.103125
0 0.18046875 0.7078125 0.021875 0.09375
0 0.19765625 0.6640625 0.0234375 0.0875
0 0.7515625 0.725 0.0265625 0.109375
0 0.64765625 0.83046875 0.0265625 0.0984375
0 0.2390625 0.928125 0.0421875 0.1125
0 0.16015625 0.4921875 0.0140625 0.065625
0 0.23515625 0.60234375 0.01875 0.0828125
0 0.91796875 0.8265625 0.028125 0.0921875
0 0.8828125 0.734375 0.025 0.0859375
0 0.70546875 0.8515625 0.0265625 0.096875
0 0.73984375 0.56328125 0.0125 0.084375
0 0.2125 0.5984375 0.0203125 0.090625
0 0.8515625 0.7171875 0.025 0.084375
0 0.1125 0.76875 0.0265625 0.0671875
0 0.828125 0.6390625 0.0234375 0.0953125
0 0.11953125 0.64609375 0.0140625 0.078125
0 0.86875 0.71171875 0.0234375 0.078125
0 0.4953125 0.8625 0.0234375 0.1171875
0 0.38046875 0.3265625 0.009375 0.0484375
0 0.8625 0.5703125 0.01875 0.0765625
0 0.928125 0.58359375 0.0234375 0.0671875
0 0.72890625 0.51484375 0.0125 0.0796875
0 0.46640625 0.8125 0.0265625 0.1140625
0 0.2125 0.92578125 0.0265625 0.103125
0 0.09609375 0.7171875 0.0171875 0.059375
0 0.10859375 0.60859375 0.01875 0.0703125
0 0.18671875 0.46953125 0.0140625 0.0578125
0 0.865625 0.25390625 0.0125 0.059375
0 0.01875 0.703125 0.021875 0.06875
0 0.853125 0.4953125 0.0140625 0.040625
0 0.65234375 0.41953125 0.0109375 0.0640625
0 0.25 0.5234375 0.0125 0.08125
0 0.58671875 0.3578125 0.0078125 0.0609375
0 0.7015625 0.54140625 0.0125 0.08125
0 0.0734375 0.6375 0.015625 0.059375
0 0.4515625 0.78671875 0.01875 0.0984375
0 0.67890625 0.859375 0.0203125 0.0765625
0 0.56484375 0.3765625 0.0125 0.059375
0 0.04921875 0.703125 0.01875 0.0578125
0 0.5140625 0.3578125 0.0109375 0.0671875
0 0.8078125 0.21875 0.009375 0.059375
0 0.815625 0.45625 0.0140625 0.0625
0 0.4828125 0.35078125 0.0109375 0.0546875
0 0.94609375 0.3234375 0.0109375 0.0703125
0 0.22109375 0.5125 0.0125 0.0765625
0 0.78203125 0.21015625 0.0078125 0.0515625
0 0.43125 0.34140625 0.0109375 0.065625
0 0.11875 0.5359375 0.0125 0.0625
0 0.70078125 0.35546875 0.009375 0.0515625
0 0.6390625 0.36953125 0.009375 0.05625
0 0.309375 0.36953125 0.009375 0.05625
0 0.63125 0.4234375 0.009375 0.059375
0 0.403125 0.328125 0.009375 0.0515625
0 0.175 0.4203125 0.009375 0.0578125
0 0.75078125 0.4578125 0.009375 0.0609375
0 0.87890625 0.57578125 0.01875 0.0671875
0 0.7953125 0.2140625 0.009375 0.0546875
0 0.696875 0.18125 0.009375 0.0484375
0 0.321875 0.54140625 0.0171875 0.059375
0 0.5921875 0.35546875 0.0109375 0.059375
0 0.89765625 0.553125 0.0140625 0.0421875
0 0.39609375 0.40703125 0.0125 0.05
0 0.6390625 0.41953125 0.0078125 0.0640625
0 0.19609375 0.4515625 0.0125 0.065625
0 0.08671875 0.63125 0.0171875 0.0640625
0 0.7390625 0.45703125 0.0078125 0.0625
0 0.346875 0.47109375 0.0125 0.0515625
0 0.15859375 0.21953125 0.0046875 0.0453125
0 0.13671875 0.5328125 0.0109375 0.065625
0 0.715625 0.52578125 0.0125 0.075
0 0.40078125 0.38046875 0.0109375 0.0453125
0 0.00625 0.8 0.0125 0.0359375
0 0.7203125 0.49609375 0.0125 0.078125
0 0.82265625 0.47734375 0.0140625 0.0828125
0 0.62890625 0.36640625 0.009375 0.0546875
0 0.5390625 0.3890625 0.0109375 0.053125
0 0.66953125 0.33984375 0.0109375 0.0421875
0 0.340625 0.3375 0.0078125 0.0390625
0 0.73203125 0.45546875 0.0125 0.0609375
0 0.0078125 0.81953125 0.015625 0.0703125
0 0.353125 0.465625 0.0140625 0.0515625
0 0.73828125 0.18984375 0.009375 0.053125
0 0.66796875 0.17578125 0.009375 0.04375
0 0.05234375 0.74453125 0.025 0.06875
0 0.26328125 0.39453125 0.0125 0.05625
0 0.64375 0.3359375 0.0078125 0.0546875
0 0.128125 0.52890625 0.0109375 0.0671875
0 0.65234375 0.171875 0.009375 0.0421875
0 0.72109375 0.35234375 0.0125 0.0515625
0 0.40546875 0.4046875 0.0109375 0.0484375
0 0.34921875 0.4203125 0.0125 0.046875
0 0.29921875 0.36640625 0.009375 0.0546875
0 0.571875 0.3046875 0.0078125 0.05
0 0.3625 0.39609375 0.0109375 0.0328125
0 0.33046875 0.56015625 0.021875 0.04375
0 0.3625 0.32890625 0.0078125 0.046875
0 0.22578125 0.38515625 0.0078125 0.040625
0 0.21171875 0.39609375 0.009375 0.04375
0 0.271875 0.3953125 0.0125 0.05
0 0.2890625 0.38203125 0.0125 0.0609375
0 0.7546875 0.53984375 0.0109375 0.0828125
0 0.71484375 0.1859375 0.0078125 0.046875
0 0.328125 0.3421875 0.009375 0.034375
0 0.55234375 0.3546875 0.0109375 0.0671875
0 0.20703125 0.39609375 0.0078125 0.046875
0 0.275 0.4859375 0.0125 0.0578125
0 0.3171875 0.41796875 0.015625 0.0234375
0 0.38125 0.3984375 0.0125 0.0421875
0 0.64921875 0.33828125 0.0078125 0.05625
0 0.5984375 0.425 0.0078125 0.0640625
0 0.225 0.47578125 0.009375 0.05
0 0.0296875 0.721875 0.01875 0.0515625
0 0.3015625 0.45234375 0.0125 0.053125
0 0.24453125 0.40234375 0.0109375 0.0390625
0 0.24375 0.52734375 0.0140625 0.08125
0 0.6484375 0.4203125 0.009375 0.0703125
0 0.49765625 0.3234375 0.0078125 0.034375
0 0.76875 0.20546875 0.009375 0.0515625
0 0.23046875 0.39296875 0.009375 0.04375
0 0.7234375 0.18828125 0.0078125 0.0484375
0 0.6078125 0.428125 0.0109375 0.0609375
0 0.290625 0.4515625 0.0109375 0.053125
0 0.3375 0.47890625 0.015625 0.0546875
0 0.68359375 0.1828125 0.009375 0.05
0 0.17109375 0.22421875 0.0078125 0.0546875
0 0.69453125 0.50234375 0.0140625 0.0671875
0 0.45390625 0.31953125 0.0125 0.0234375
0 0.40625 0.55625 0.01875 0.046875
0 0.52890625 0.5796875 0.0171875 0.05625
0 0.54453125 0.565625 0.015625 0.0421875
0 0.3984375 0.54609375 0.0125 0.0359375
0 0.3796875 0.5390625 0.0203125 0.0546875
0 0.4734375 0.3734375 0.0125 0.025
0 0.4625 0.3796875 0.0109375 0.0234375
0 0.6328125 0.33203125 0.00625 0.04375
0 0.68671875 0.35 0.0125 0.046875
0 0.6875 0.31796875 0.0078125 0.04375
0 0.66796875 0.315625 0.009375 0.040625
0 0.67421875 0.32109375 0.0109375 0.0296875
0 0.69765625 0.29921875 0.009375 0.0375
0 0.7109375 0.3171875 0.0078125 0.0421875
0 0.88828125 0.53515625 0.0171875 0.0390625
0 0.9359375 0.5953125 0.015625 0.071875
0 0.6484375 0.8609375 0.025 0.078125
0 0.69921875 0.90859375 0.0328125 0.075
0 0.3125 0.45078125 0.0125 0.034375
0 0.32578125 0.4359375 0.015625 0.025
0 0.2640625 0.46953125 0.0140625 0.0546875
0 0.2734375 0.378125 0.0125 0.05
0 0.28828125 0.3734375 0.0125 0.053125
0 0.3078125 0.33828125 0.0078125 0.040625
0 0.3109375 0.31796875 0.0078125 0.0296875
0 0.3203125 0.3453125 0.00625 0.03125
0 0.778125 0.35078125 0.0078125 0.0359375
0 0.5640625 0.16015625 0.009375 0.0390625
0 0.553125 0.16171875 0.009375 0.0390625
0 0.7078125 0.1875 0.0109375 0.046875
0 0.6921875 0.18203125 0.0046875 0.040625
0 0.40234375 0.1609375 0.0109375 0.0421875
0 0.39296875 0.1625 0.0078125 0.0390625
0 0.403125 0.03203125 0.0078125 0.0390625
0 0.72578125 0.04921875 0.0125 0.0375
0 0.95859375 0.33515625 0.0140625 0.0609375
0 0.95546875 0.2890625 0.0078125 0.0328125