0 0.35 0.93125 0.0296875 0.121875
0 0.125 0.9765625 0.0265625 0.046875
0 0.7625 0.71015625 0.0203125 0.1015625
0 0.18046875 0.70859375 0.021875 0.090625
0 0.196875 0.665625 0.0234375 0.0859375
0 0.73984375 0.72578125 0.025 0.10625
0 0.6375 0.82890625 0.0265625 0.0953125
0 0.2375 0.92421875 0.040625 0.1109375
0 0.16015625 0.49765625 0.0140625 0.0640625
0 0.23359375 0.60546875 0.01875 0.08125
0 0.90234375 0.825 0.028125 0.090625
0 0.86875 0.734375 0.0234375 0.084375
0 0.69453125 0.85 0.025 0.0953125
0 0.72890625 0.5671875 0.0125 0.0828125
0 0.21171875 0.6015625 0.0203125 0.0875
0 0.8375 0.71796875 0.0234375 0.0828125
0 0.11328125 0.76796875 0.025 0.065625
0 0.81484375 0.64140625 0.021875 0.0921875
0 0.1203125 0.6484375 0.0140625 0.0765625
0 0.8546875 0.7125 0.021875 0.0765625
0 0.4890625 0.86015625 0.0234375 0.1140625
0 0.3765625 0.33515625 0.009375 0.0484375
0 0.8484375 0.5734375 0.01875 0.075
0 0.91328125 0.5875 0.0234375 0.065625
0 0.71796875 0.51953125 0.0125 0.078125
0 0.4609375 0.8109375 0.025 0.1125
0 0.21171875 0.921875 0.025 0.1015625
0 0.09765625 0.71796875 0.0171875 0.059375
0 0.11015625 0.61171875 0.01875 0.0671875
0 0.18671875 0.47578125 0.0140625 0.05625
0 0.8515625 0.26484375 0.0125 0.0578125
0 0.021875 0.7046875 0.0203125 0.0671875
0 0.83984375 0.50078125 0.0140625 0.0390625
0 0.64296875 0.4265625 0.009375 0.0640625
0 0.2484375 0.528125 0.0109375 0.0796875
0 0.578125 0.36640625 0.009375 0.0609375
0 0.690625 0.54609375 0.0125 0.078125
0 0.075 0.63984375 0.0140625 0.059375
0 0.44609375 0.7859375 0.01875 0.096875
0 0.66875 0.85703125 0.0203125 0.075
0 0.55703125 0.384375 0.0125 0.0578125
0 0.0515625 0.70390625 0.01875 0.0546875
0 0.50703125 0.36640625 0.0109375 0.065625
0 0.79453125 0.23046875 0.0078125 0.0578125
0 0.80234375 0.4625 0.0125 0.0609375
0 0.4765625 0.359375 0.0109375 0.0546875
0 0.9296875 0.33203125 0.0109375 0.06875
0 0.2203125 0.51796875 0.0125 0.0734375
0 0.76953125 0.22109375 0.009375 0.0515625
0 0.42578125 0.35 0.009375 0.0640625
0 0.1203125 0.53984375 0.0125 0.0625
0 0.68984375 0.3640625 0.0078125 0.05
0 0.62890625 0.37734375 0.0078125 0.05625
0 0.30625 0.37734375 0.009375 0.05625
0 0.621875 0.43046875 0.0078125 0.0578125
0 0.3984375 0.3375 0.009375 0.05
0 0.175 0.42734375 0.009375 0.05625
0 0.7390625 0.4640625 0.0078125 0.059375
0 0.8640625 0.5796875 0.01875 0.065625
0 0.7828125 0.22578125 0.009375 0.053125
0 0.68671875 0.19296875 0.0078125 0.046875
0 0.31875 0.5453125 0.0171875 0.0578125
0 0.58359375 0.3640625 0.009375 0.0578125
0 0.8828125 0.5578125 0.0140625 0.040625
0 0.39140625 0.4140625 0.0109375 0.0484375
0 0.6296875 0.4265625 0.0078125 0.0625
0 0.19609375 0.4578125 0.0125 0.0640625
0 0.9890625 0.359375 0.0109375 0.059375
0 0.08828125 0.63359375 0.0171875 0.0625
0 0.728125 0.46328125 0.0078125 0.0609375
0 0.34296875 0.4765625 0.0125 0.05
0 0.15859375 0.23046875 0.0046875 0.0453125
0 0.1375 0.5375 0.0109375 0.0640625
0 0.7046875 0.53046875 0.0125 0.0734375
0 0.39609375 0.38828125 0.009375 0.04375
0 0.0078125 0.79921875 0.015625 0.0359375
0 0.709375 0.50078125 0.0125 0.0765625
0 0.81015625 0.4828125 0.0125 0.08125
0 0.61953125 0.375 0.009375 0.053125
0 0.53203125 0.396875 0.0109375 0.0515625
0 0.659375 0.3484375 0.0109375 0.040625
0 0.3375 0.34609375 0.0078125 0.0390625
0 0.72109375 0.46171875 0.0109375 0.059375
0 0.009375 0.8171875 0.01875 0.06875
0 0.35 0.471875 0.0140625 0.0515625
0 0.72734375 0.20234375 0.009375 0.0515625
0 0.6578125 0.1875 0.009375 0.0421875
0 0.0546875 0.74453125 0.025 0.0671875
0 0.26171875 0.40234375 0.0125 0.0546875
0 0.63359375 0.3453125 0.0078125 0.053125
0 0.12890625 0.53359375 0.0109375 0.065625
0 0.64296875 0.184375 0.0078125 0.040625
0 0.71015625 0.36015625 0.0125 0.05
0 0.40078125 0.41171875 0.009375 0.046875
0 0.34609375 0.42734375 0.0125 0.046875
0 0.29609375 0.37421875 0.009375 0.0546875
0 0.5640625 0.3140625 0.0078125 0.0484375
0 0.35859375 0.40390625 0.0109375 0.03125
0 0.32734375 0.5640625 0.021875 0.04375
0 0.35859375 0.3375 0.0078125 0.0453125
0 0.225 0.39296875 0.00625 0.0390625
0 0.2109375 0.40390625 0.0078125 0.0421875
0 0.2703125 0.40234375 0.0109375 0.0484375
0 0.28671875 0.38984375 0.0109375 0.059375
0 0.74296875 0.54453125 0.0109375 0.08125
0 0.70390625 0.1984375 0.0078125 0.0453125
0 0.325 0.35078125 0.0078125 0.034375
0 0.54453125 0.36328125 0.0109375 0.065625
0 0.20625 0.40390625 0.0078125 0.046875
0 0.27265625 0.49140625 0.0109375 0.05625
0 0.3140625 0.425 0.015625 0.0234375
0 0.37734375 0.40625 0.0109375 0.0421875
0 0.6390625 0.346875 0.0078125 0.0546875
0 0.58984375 0.43203125 0.0078125 0.0625
0 0.22421875 0.48203125 0.009375 0.0484375
0 0.0328125 0.72265625 0.0171875 0.05
0 0.29921875 0.45859375 0.0109375 0.0515625
0 0.24375 0.41015625 0.0109375 0.0390625
0 0.2421875 0.53203125 0.0140625 0.078125
0 0.6390625 0.42734375 0.0078125 0.06875
0 0.49140625 0.33203125 0.0078125 0.034375
0 0.75625 0.2171875 0.009375 0.05
0 0.2296875 0.40078125 0.009375 0.0421875
0 0.7125 0.2 0.009375 0.046875
0 0.59921875 0.43515625 0.0109375 0.059375
0 0.28828125 0.4578125 0.0109375 0.0515625
0 0.33359375 0.484375 0.015625 0.053125
0 0.6734375 0.19453125 0.009375 0.0484375
0 0.17109375 0.23515625 0.0078125 0.053125
0 0.684375 0.5078125 0.0140625 0.0671875
0 0.4484375 0.32890625 0.0109375 0.0234375
0 0.40078125 0.56015625 0.01875 0.0453125
0 0.521875 0.58359375 0.0171875 0.0546875
0 0.53671875 0.56953125 0.0140625 0.040625
0 0.39375 0.55078125 0.0125 0.0359375
0 0.37578125 0.54375 0.0203125 0.053125
0 0.46796875 0.38125 0.0125 0.025
0 0.45703125 0.3875 0.0109375 0.0234375
0 0.6234375 0.340625 0.00625 0.04375
0 0.6765625 0.35859375 0.0125 0.046875
0 0.67734375 0.32734375 0.0078125 0.0421875
0 0.6578125 0.325 0.009375 0.0390625
0 0.6640625 0.33046875 0.009375 0.0296875
0 0.68671875 0.30859375 0.0078125 0.0359375
0 0.7 0.32578125 0.0078125 0.040625
0 0.87421875 0.53984375 0.0171875 0.0375
0 0.9203125 0.5984375 0.0140625 0.0703125
0 0.63828125 0.85859375 0.0234375 0.0765625
0 0.68828125 0.90546875 0.03125 0.0734375
0 0.309375 0.45703125 0.0125 0.0328125
0 0.32265625 0.44296875 0.0140625 0.025
0 0.2625 0.47578125 0.0140625 0.0546875
0 0.27109375 0.3859375 0.0125 0.0484375
0 0.2859375 0.38125 0.0125 0.0515625
0 0.3046875 0.346875 0.0078125 0.0390625
0 0.30859375 0.3265625 0.0078125 0.0296875
0 0.3171875 0.35390625 0.0046875 0.0296875
0 0.76640625 0.359375 0.0078125 0.034375
0 0.55625 0.1734375 0.009375 0.0390625
0 0.5453125 0.17421875 0.009375 0.0375
0 0.696875 0.19921875 0.0109375 0.0453125
0 0.68203125 0.19453125 0.0046875 0.040625
0 0.39765625 0.1734375 0.0109375 0.040625
0 0.38828125 0.175 0.0078125 0.0375
0 0.3984375 0.04765625 0.0078125 0.0390625
0 0.71484375 0.0640625 0.0109375 0.0359375
0 0.9421875 0.34375 0.0140625 0.059375
0 0.93984375 0.29921875 0.0078125 0.03125