0 0.73671875 0.7359375 0.0265625 0.1046875
0 0.29375 0.86171875 0.0296875 0.1046875
0 0.2671875 0.8609375 0.021875 0.08125
0 0.54609375 0.9515625 0.03125 0.096875
0 0.72578125 0.571875 0.015625 0.090625
0 0.52734375 0.7421875 0.021875 0.0921875
0 0.7609375 0.7203125 0.0203125 0.09375
0 0.63671875 0.8796875 0.021875 0.0984375
0 0.17265625 0.8125 0.0296875 0.121875
0 0.88125 0.86328125 0.04375 0.096875
0 0.79609375 0.96875 0.04375 0.0625
0 0.15859375 0.4921875 0.0125 0.0671875
0 0.08671875 0.73984375 0.025 0.0859375
0 0.63359375 0.43828125 0.0078125 0.0609375
0 0.73828125 0.45859375 0.0125 0.06875
0 0.02109375 0.721875 0.0203125 0.0625
0 0.0609375 0.60546875 0.015625 0.0703125
0 0.11484375 0.96875 0.0296875 0.0625
0 0.03125 0.62890625 0.025 0.0765625
0 0.290625 0.9953125 0.0296875 0.009375
0 0.765625 0.4328125 0.0140625 0.0703125
0 0.85234375 0.2625 0.0109375 0.0609375
0 0.078125 0.7875 0.021875 0.059375
0 0.55 0.4015625 0.0140625 0.071875
0 0.8625 0.60625 0.0203125 0.075
0 0.621875 0.440625 0.0109375 0.0578125
0 0.915625 0.5953125 0.0171875 0.08125
0 0.803125 0.45703125 0.0125 0.04375
0 0.56484375 0.75546875 0.0203125 0.1375
0 0.13671875 0.44453125 0.009375 0.065625
0 0.825 0.5203125 0.0171875 0.0703125
0 0.12890625 0.5453125 0.0203125 0.075
0 0.85859375 0.721875 0.0203125 0.0859375
0 0.11015625 0.6703125 0.0234375 0.0875
0 0.84296875 0.74140625 0.0265625 0.078125
0 0.87421875 0.7328125 0.015625 0.0671875
0 0.85078125 0.80625 0.0328125 0.096875
0 0.75390625 0.21171875 0.009375 0.0515625
0 0.6859375 0.5953125 0.0171875 0.109375
0 0.0671875 0.75234375 0.021875 0.0625
0 0.93125 0.65625 0.0203125 0.0765625
0 0.5953125 0.44140625 0.009375 0.0625
0 0.225 0.39453125 0.0109375 0.059375
0 0.55078125 0.75078125 0.0265625 0.1015625
0 0.07109375 0.59921875 0.0125 0.06875
0 0.12421875 0.48671875 0.0109375 0.059375
0 0.78203125 0.2234375 0.0109375 0.0546875
0 0.70078125 0.5734375 0.0125 0.0796875
0 0.884375 0.55625 0.0140625 0.046875
0 0.284375 0.38359375 0.0109375 0.0578125
0 0.56796875 0.3640625 0.009375 0.05625
0 0.38125 0.39921875 0.0109375 0.0515625
0 0.9265625 0.85703125 0.0296875 0.0796875
0 0.5328125 0.3703125 0.0125 0.0546875
0 0.021875 0.78671875 0.028125 0.059375
0 0.5734375 0.36484375 0.0109375 0.05625
0 0.65859375 0.3265625 0.009375 0.021875
0 0.58359375 0.44609375 0.009375 0.0625
0 0.65234375 0.384375 0.0109375 0.059375
0 0.8375 0.54140625 0.0140625 0.040625
0 0.6203125 0.378125 0.009375 0.05625
0 0.54296875 0.3640625 0.0078125 0.046875
0 0.3078125 0.575 0.021875 0.046875
0 0.60859375 0.3765625 0.0078125 0.0515625
0 0.6875 0.43828125 0.0109375 0.0703125
0 0.9328125 0.328125 0.009375 0.0625
0 0.6890625 0.53515625 0.0125 0.06875
0 0.4734375 0.3703125 0.009375 0.046875
0 0.465625 0.36015625 0.0109375 0.0609375
0 0.2234375 0.5375 0.0140625 0.08125
0 0.72109375 0.4484375 0.0109375 0.0609375
0 0.2703125 0.4625 0.0125 0.0546875
0 0.1875 0.41484375 0.0078125 0.05
0 0.3109375 0.35234375 0.0109375 0.04375
0 0.37265625 0.4078125 0.0140625 0.05
0 0.59375 0.35234375 0.0109375 0.053125
0 0.0046875 0.73515625 0.009375 0.0484375
0 0.1296875 0.9671875 0.04375 0.065625
0 0.63515625 0.17890625 0.0078125 0.0421875
0 0.19609375 0.5015625 0.0109375 0.0703125
0 0.76640625 0.2140625 0.0078125 0.0546875
0 0.146875 0.2328125 0.0078125 0.0515625
0 0.2109375 0.3859375 0.009375 0.0515625
0 0.62265625 0.34921875 0.0078125 0.0546875
0 0.65 0.1828125 0.009375 0.0453125
0 0.16015625 0.39296875 0.009375 0.046875
0 0.7078125 0.19609375 0.0109375 0.0484375
0 0.25078125 0.41484375 0.0109375 0.0453125
0 0.2375 0.53828125 0.0140625 0.075
0 0.971875 0.3359375 0.0109375 0.065625
0 0.325 0.48671875 0.01875 0.040625
0 0.2984375 0.54765625 0.0203125 0.0546875
0 0.94140625 0.33359375 0.0109375 0.0703125
0 0.703125 0.50546875 0.015625 0.0640625
0 0.0828125 0.52265625 0.0140625 0.0625
0 0.28671875 0.346875 0.00625 0.0421875
0 0.2015625 0.40703125 0.0078125 0.0390625
0 0.040625 0.30078125 0.009375 0.059375
0 0.675 0.51171875 0.0125 0.065625
0 0.28828125 0.45703125 0.0109375 0.03125
0 0.003125 0.80390625 0.00625 0.059375
0 0.67109375 0.18828125 0.0078125 0.04375
0 0.08984375 0.78828125 0.01875 0.0703125
0 0.5453125 0.16640625 0.009375 0.0390625
0 0.9125 0.6515625 0.0171875 0.06875
0 0.684375 0.19140625 0.0078125 0.04375
0 0.13828125 0.48984375 0.0109375 0.0578125
0 0.11875 0.24140625 0.009375 0.0578125
0 0.67890625 0.18984375 0.0078125 0.0453125
0 0.29453125 0.43359375 0.0125 0.028125
0 0.3421875 0.41796875 0.015625 0.0484375
0 0.2078125 0.51875 0.0109375 0.0453125
0 0.62109375 0.43359375 0.0078125 0.0515625
0 0.64375 0.33046875 0.0078125 0.04375
0 0.578125 0.1671875 0.009375 0.04375
0 0.2 0.43828125 0.009375 0.06875
0 0.153125 0.23046875 0.0078125 0.0515625
0 0.66171875 0.1859375 0.0078125 0.04375
0 0.5203125 0.3125 0.0078125 0.046875
0 0.72265625 0.1984375 0.009375 0.053125
0 0.68046875 0.53984375 0.0125 0.0703125
0 0.6734375 0.54765625 0.015625 0.078125
0 0.32578125 0.43203125 0.0109375 0.040625
0 0.38671875 0.578125 0.01875 0.05625
0 0.378125 0.56171875 0.015625 0.0453125
0 0.3515625 0.54765625 0.0234375 0.046875
0 0.43203125 0.328125 0.009375 0.0296875
0 0.5078125 0.59375 0.0265625 0.059375
0 0.5203125 0.5796875 0.015625 0.05625
0 0.2484375 0.2015625 0.009375 0.0453125
0 0.2375 0.2 0.0140625 0.053125
0 0.3703125 0.16796875 0.00625 0.0421875
0 0.3765625 0.1703125 0.0109375 0.034375
0 0.1578125 0.0796875 0.0078125 0.0359375
0 0.1453125 0.08203125 0.0125 0.04375
0 0.1203125 0.0890625 0.0078125 0.034375
0 0.1078125 0.08984375 0.0078125 0.040625
0 0.7078125 0.0546875 0.00625 0.0375
0 0.58828125 0.18046875 0.0125 0.028125
0 0.6921875 0.19765625 0.0078125 0.0375
0 0.8125 0.2453125 0.009375 0.0453125
0 0.821875 0.234375 0.00625 0.028125
0 0.1328125 0.52421875 0.0234375 0.065625
0 0.16015625 0.478125 0.009375 0.034375
0 0.2109375 0.5421875 0.021875 0.0671875
0 0.2546875 0.5 0.015625 0.075
0 0.2390625 0.48125 0.0140625 0.05
0 0.2625 0.38984375 0.0109375 0.05
0 0.265625 0.38515625 0.0140625 0.0515625
0 0.30078125 0.35234375 0.0109375 0.0390625
0 0.45390625 0.38515625 0.0125 0.028125
0 0.440625 0.38984375 0.0125 0.025
0 0.61640625 0.34140625 0.0046875 0.040625
0 0.63671875 0.346875 0.0046875 0.046875
0 0.63046875 0.34296875 0.00625 0.0453125
0 0.63515625 0.328125 0.0078125 0.0453125
0 0.7609375 0.37578125 0.0078125 0.03125
0 0.753125 0.36953125 0.009375 0.040625
0 0.86328125 0.590625 0.01875 0.0609375
0 0.8734375 0.54921875 0.0234375 0.0421875
0 0.83828125 0.50859375 0.0140625 0.034375
0 0.9109375 0.58125 0.0171875 0.06875
0 0.92265625 0.65546875 0.015625 0.0625
0 0.94296875 0.8484375 0.0265625 0.0515625
0 0.534375 0.16875 0.0078125 0.040625
0 0.378125 0.03828125 0.0078125 0.034375
0 0.36640625 0.040625 0.0109375 0.0390625
0 0.478125 0.3328125 0.0125 0.0234375
0 0.553125 0.396875 0.0125 0.0609375
0 0.6296875 0.42734375 0.0109375 0.059375
0 0.6578125 0.35234375 0.0109375 0.0515625
0 0.6921875 0.4359375 0.0109375 0.0578125
0 0.31640625 0.48984375 0.0203125 0.0609375
0 0.334375 0.46796875 0.015625 0.0359375
0 0.2234375 0.40078125 0.0140625 0.053125
0 0.21328125 0.39375 0.0125 0.0515625
0 0.15390625 0.4046875 0.009375 0.034375
0 0.165625 0.36640625 0.0078125 0.046875
0 0.5734375 0.74296875 0.0203125 0.0859375